"","Gpus","Kernels","Measured","Predicted","Accuracy","threshCorr","numberFeatures","NA","NA","NA"
"529","GTX-680","Fan2",0.0180270405666554,0.0119529948212057,0.663059184729146,"0.5","10",0.668124190569706,0.591258501179911,0.0164891639520126
"581","GTX-680","Fan2",0.0367940964080845,0.0226298785128327,0.615041018043873,"0.5","10",0.668124190569706,0.591258501179911,0.0164891639520126
"320","GTX-680","Fan2",0.0232851273574918,0.0145775483843893,0.626045465012202,"0.5","10",0.668124190569706,0.591258501179911,0.0164891639520126
"866","GTX-680","Fan2",0.0176172081998108,0.0111015648018679,0.630154600885462,"0.5","10",0.668124190569706,0.591258501179911,0.0164891639520126
"994","GTX-680","Fan2",0.00924555631796082,0.00599989682063855,0.648949248081794,"0.5","10",0.668124190569706,0.591258501179911,0.0164891639520126
"884","GTX-680","Fan2",0.0046890800660111,0.00301725310071682,0.643463762239302,"0.5","10",0.668124190569706,0.591258501179911,0.0164891639520126
"959","GTX-680","Fan2",0.0183021177056181,0.0113719968285696,0.621348688249272,"0.5","10",0.668124190569706,0.591258501179911,0.0164891639520126
"202","GTX-680","Fan2",0.00640919674841119,0.00399465149485545,0.623268664024975,"0.5","10",0.668124190569706,0.591258501179911,0.0164891639520126
"337","GTX-680","Fan2",0.01559712515812,0.00998228251525454,0.640007848501343,"0.5","10",0.668124190569706,0.591258501179911,0.0164891639520126
"375","GTX-680","Fan2",0.0206124000129534,0.0137170196988146,0.665474165560269,"0.5","10",0.668124190569706,0.591258501179911,0.0164891639520126
"936","GTX-680","Fan2",0.0231833182617953,0.0146240468264366,0.630800416976381,"0.5","10",0.668124190569706,0.591258501179911,0.0164891639520126
"712","GTX-680","Fan2",0.0374911147943399,0.024077846105492,0.642228064904783,"0.5","10",0.668124190569706,0.591258501179911,0.0164891639520126
"883","GTX-680","Fan2",0.0505878384564905,0.0317615253805451,0.627849031499191,"0.5","10",0.668124190569706,0.591258501179911,0.0164891639520126
"64","GTX-680","Fan2",0.0273780097583978,0.0171471200891946,0.62630995607469,"0.5","10",0.668124190569706,0.591258501179911,0.0164891639520126
"419","GTX-680","Fan2",0.0060499768239569,0.00384808314508157,0.636049237386134,"0.5","10",0.668124190569706,0.591258501179911,0.0164891639520126
"880","GTX-680","Fan2",0.0112008683014142,0.00694814349884808,0.620321863615771,"0.5","10",0.668124190569706,0.591258501179911,0.0164891639520126
"353","GTX-680","Fan2",0.0530829135421723,0.0332359878808277,0.626114613215852,"0.5","10",0.668124190569706,0.591258501179911,0.0164891639520126
"723","GTX-680","Fan2",0.0283239291083054,0.0176494399493827,0.623128234853806,"0.5","10",0.668124190569706,0.591258501179911,0.0164891639520126
"835","GTX-680","Fan2",0.0319056955195562,0.0196503124807944,0.61588729412747,"0.5","10",0.668124190569706,0.591258501179911,0.0164891639520126
"755","GTX-680","Fan2",0.0166878439213195,0.0107620080615575,0.644901049668169,"0.5","10",0.668124190569706,0.591258501179911,0.0164891639520126
"815","GTX-680","Fan2",0.00873570581350606,0.0056703537402454,0.649100812378389,"0.5","10",0.668124190569706,0.591258501179911,0.0164891639520126
"276","GTX-680","Fan2",0.00940719595797136,0.00609865393747487,0.64829668316913,"0.5","10",0.668124190569706,0.591258501179911,0.0164891639520126
"155","GTX-680","Fan2",0.0122494629109718,0.00817936432562533,0.667732486319798,"0.5","10",0.668124190569706,0.591258501179911,0.0164891639520126
"383","GTX-680","Fan2",0.0413743125055379,0.02636195852125,0.637157620872164,"0.5","10",0.668124190569706,0.591258501179911,0.0164891639520126
"524","GTX-680","Fan2",0.0524430042867509,0.0328623977553108,0.626630724197718,"0.5","10",0.668124190569706,0.591258501179911,0.0164891639520126
"934","GTX-680","Fan2",0.0505228851447077,0.0318078565390791,0.629573240878366,"0.5","10",0.668124190569706,0.591258501179911,0.0164891639520126
"662","GTX-680","Fan2",0.0215328416007813,0.0136649315705028,0.634608837228757,"0.5","10",0.668124190569706,0.591258501179911,0.0164891639520126
"379","GTX-680","Fan2",0.0536384631225782,0.0319774761595284,0.596166897743721,"0.5","10",0.668124190569706,0.591258501179911,0.0164891639520126
"221","GTX-680","Fan2",0.0197236155541857,0.0131182121140414,0.665101795256674,"0.5","10",0.668124190569706,0.591258501179911,0.0164891639520126
"925","GTX-680","Fan2",0.011322252887643,0.00693658736413063,0.612650806598848,"0.5","10",0.668124190569706,0.591258501179911,0.0164891639520126
"513","GTX-680","Fan2",0.0211305932259437,0.0133036328808403,0.629591073879855,"0.5","10",0.668124190569706,0.591258501179911,0.0164891639520126
"368","GTX-680","Fan2",0.0132705222677262,0.00829713861218189,0.625230751645731,"0.5","10",0.668124190569706,0.591258501179911,0.0164891639520126
"948","GTX-680","Fan2",0.0557138922382845,0.0329413124197071,0.591258501179911,"0.5","10",0.668124190569706,0.591258501179911,0.0164891639520126
"95","GTX-680","Fan2",0.0212030830192869,0.0134513507168003,0.634405416635143,"0.5","10",0.668124190569706,0.591258501179911,0.0164891639520126
"594","GTX-680","Fan2",0.00997996430367029,0.00616818032701319,0.618056351638927,"0.5","10",0.668124190569706,0.591258501179911,0.0164891639520126
"557","GTX-680","Fan2",0.0142058623262171,0.00924637682476858,0.650884586407983,"0.5","10",0.668124190569706,0.591258501179911,0.0164891639520126
"981","GTX-680","Fan2",0.0377748694816327,0.0228290484510985,0.604344866424984,"0.5","10",0.668124190569706,0.591258501179911,0.0164891639520126
"335","GTX-680","Fan2",0.0195244156026114,0.0122577941668485,0.627818748398751,"0.5","10",0.668124190569706,0.591258501179911,0.0164891639520126
"855","GTX-680","Fan2",0.0126228759771259,0.0084059278062051,0.665928099225376,"0.5","10",0.668124190569706,0.591258501179911,0.0164891639520126
"536","GTX-680","Fan2",0.00783122031333442,0.00489683677077578,0.625296770471112,"0.5","10",0.668124190569706,0.591258501179911,0.0164891639520126
"942","GTX-680","Fan2",0.0166302235369993,0.0102686195062878,0.617467316866903,"0.5","10",0.668124190569706,0.591258501179911,0.0164891639520126
"150","GTX-680","Fan2",0.00458518957186303,0.00293982734076898,0.641157207285213,"0.5","10",0.668124190569706,0.591258501179911,0.0164891639520126
"694","GTX-680","Fan2",0.00251463315962176,0.00162597380709333,0.646604774486432,"0.5","10",0.668124190569706,0.591258501179911,0.0164891639520126
"922","GTX-680","Fan2",0.0308832769332464,0.019787991673841,0.64073484548328,"0.5","10",0.668124190569706,0.591258501179911,0.0164891639520126
"164","GTX-680","Fan2",0.0181230041107535,0.0112271155340868,0.619495281548001,"0.5","10",0.668124190569706,0.591258501179911,0.0164891639520126
"585","GTX-680","Fan2",0.0478108975597526,0.0287924957958691,0.602216173831189,"0.5","10",0.668124190569706,0.591258501179911,0.0164891639520126
"546","GTX-680","Fan2",0.00621202947638931,0.0039597145594026,0.637426878679938,"0.5","10",0.668124190569706,0.591258501179911,0.0164891639520126
"284","GTX-680","Fan2",0.0188356623862509,0.0117701637251676,0.62488716795854,"0.5","10",0.668124190569706,0.591258501179911,0.0164891639520126
"142","GTX-680","Fan2",0.033700486973789,0.0207083060748906,0.614480915097658,"0.5","10",0.668124190569706,0.591258501179911,0.0164891639520126
"833","GTX-680","Fan2",0.0135773726345844,0.00848882691933902,0.625218674319669,"0.5","10",0.668124190569706,0.591258501179911,0.0164891639520126
"574","GTX-680","Fan2",0.0173651657987765,0.0106896624083798,0.615580785824283,"0.5","10",0.668124190569706,0.591258501179911,0.0164891639520126
"252","GTX-680","Fan2",0.0313202685224617,0.0200887837337609,0.641398834730744,"0.5","10",0.668124190569706,0.591258501179911,0.0164891639520126
"180","GTX-680","Fan2",0.0137595449215507,0.00914168369101601,0.664388520342558,"0.5","10",0.668124190569706,0.591258501179911,0.0164891639520126
"29","GTX-680","Fan2",0.0693012438103699,0.0424787465374874,0.612957924012485,"0.5","10",0.668124190569706,0.591258501179911,0.0164891639520126
"374","GTX-680","Fan2",0.0172830105095799,0.0110017359393155,0.636563631852062,"0.5","10",0.668124190569706,0.591258501179911,0.0164891639520126
"139","GTX-680","Fan2",0.0216558064845956,0.0135115310613866,0.623921859986961,"0.5","10",0.668124190569706,0.591258501179911,0.0164891639520126
"675","GTX-680","Fan2",0.0399126680217288,0.0255298298741771,0.639642277491407,"0.5","10",0.668124190569706,0.591258501179911,0.0164891639520126
"38","GTX-680","Fan2",0.0232967271160801,0.0147079688034159,0.63133197766926,"0.5","10",0.668124190569706,0.591258501179911,0.0164891639520126
"869","GTX-680","Fan2",0.0286680256270531,0.0178936908827656,0.624168930066809,"0.5","10",0.668124190569706,0.591258501179911,0.0164891639520126
"619","GTX-680","Fan2",0.00513532664566637,0.0032962062512636,0.641868858341313,"0.5","10",0.668124190569706,0.591258501179911,0.0164891639520126
"296","GTX-680","Fan2",0.00871635515663904,0.0053083047076338,0.609005095850252,"0.5","10",0.668124190569706,0.591258501179911,0.0164891639520126
"314","GTX-680","Fan2",0.0153082484970088,0.00929326675844345,0.607075770964871,"0.5","10",0.668124190569706,0.591258501179911,0.0164891639520126
"515","GTX-680","Fan2",0.021759882398006,0.0136942843303364,0.629336320842949,"0.5","10",0.668124190569706,0.591258501179911,0.0164891639520126
"113","GTX-680","Fan2",0.0176134998244593,0.0109857014173676,0.623709173466603,"0.5","10",0.668124190569706,0.591258501179911,0.0164891639520126
"491","GTX-680","Fan2",0.0431964765002421,0.0274336622995277,0.635090278703031,"0.5","10",0.668124190569706,0.591258501179911,0.0164891639520126
"870","GTX-680","Fan2",0.0469499263365232,0.0296405310313548,0.631322205255451,"0.5","10",0.668124190569706,0.591258501179911,0.0164891639520126
"389","GTX-680","Fan2",0.00112004200301453,0.000701613120172037,0.626416793552102,"0.5","10",0.668124190569706,0.591258501179911,0.0164891639520126
"571","GTX-680","Fan2",0.0207780853245743,0.0130045099012729,0.625876239226548,"0.5","10",0.668124190569706,0.591258501179911,0.0164891639520126
"347","GTX-680","Fan2",0.00519852396350897,0.00326644243177779,0.628340362515702,"0.5","10",0.668124190569706,0.591258501179911,0.0164891639520126
"286","GTX-680","Fan2",0.0110836194357917,0.00684976044981754,0.618007546135878,"0.5","10",0.668124190569706,0.591258501179911,0.0164891639520126
"956","GTX-680","Fan2",0.0631992503094532,0.0390539477597671,0.617949541624951,"0.5","10",0.668124190569706,0.591258501179911,0.0164891639520126
"118","GTX-680","Fan2",0.0138291340891348,0.00867144851839791,0.627042044896423,"0.5","10",0.668124190569706,0.591258501179911,0.0164891639520126
"59","GTX-680","Fan2",0.0113699373700243,0.00759653020217572,0.668124190569706,"0.5","10",0.668124190569706,0.591258501179911,0.0164891639520126
"633","GTX-680","Fan2",0.0272549652250252,0.0170350080965282,0.625024026113481,"0.5","10",0.668124190569706,0.591258501179911,0.0164891639520126
"770","GTX-680","Fan2",0.00429798339177224,0.00279128500185278,0.649440620733021,"0.5","10",0.668124190569706,0.591258501179911,0.0164891639520126
"767","GTX-680","Fan2",0.0519152266509459,0.0325594687845289,0.627166072170767,"0.5","10",0.668124190569706,0.591258501179911,0.0164891639520126
"465","GTX-680","Fan2",0.0116741045256393,0.00732809880264863,0.627722562064978,"0.5","10",0.668124190569706,0.591258501179911,0.0164891639520126
"787","GTX-680","Fan2",0.0147846150334974,0.00966353499675842,0.653621009060013,"0.5","10",0.668124190569706,0.591258501179911,0.0164891639520126
"75","GTX-680","Fan2",0.0334460545574367,0.0206135981840966,0.616323762454464,"0.5","10",0.668124190569706,0.591258501179911,0.0164891639520126
"669","GTX-680","Fan2",0.0463576477538326,0.0277634343408468,0.598896529182748,"0.5","10",0.668124190569706,0.591258501179911,0.0164891639520126
"953","GTX-680","Fan2",0.0111609754524963,0.00691979841041587,0.619999429249545,"0.5","10",0.668124190569706,0.591258501179911,0.0164891639520126
"196","GTX-680","Fan2",0.0168215092598811,0.0108755063804014,0.646523817356816,"0.5","10",0.668124190569706,0.591258501179911,0.0164891639520126
"789","GTX-680","Fan2",0.0511655997999474,0.0306082545356477,0.598219402397765,"0.5","10",0.668124190569706,0.591258501179911,0.0164891639520126
"20","GTX-680","Fan2",0.00603059781000361,0.00382575241528185,0.63439024385537,"0.5","10",0.668124190569706,0.591258501179911,0.0164891639520126
"882","GTX-680","Fan2",0.0166602657781582,0.0107414607283744,0.644735256412092,"0.5","10",0.668124190569706,0.591258501179911,0.0164891639520126
"452","GTX-680","Fan2",0.0324822558257468,0.0210051739604666,0.646666108202284,"0.5","10",0.668124190569706,0.591258501179911,0.0164891639520126
"333","GTX-680","Fan2",0.0210886159813151,0.0134689075716615,0.638681437586762,"0.5","10",0.668124190569706,0.591258501179911,0.0164891639520126
"716","GTX-680","Fan2",0.0155525997991616,0.00988109663965633,0.635334077083948,"0.5","10",0.668124190569706,0.591258501179911,0.0164891639520126
"995","GTX-680","Fan2",0.0106356972042491,0.00697605677555117,0.655909682419704,"0.5","10",0.668124190569706,0.591258501179911,0.0164891639520126
"535","GTX-680","Fan2",0.0127646669989906,0.00814749703822223,0.63828512242948,"0.5","10",0.668124190569706,0.591258501179911,0.0164891639520126
"135","GTX-680","Fan2",0.0513257198074551,0.0322254649888776,0.627861920101056,"0.5","10",0.668124190569706,0.591258501179911,0.0164891639520126
"384","GTX-680","Fan2",0.0124112558269618,0.00762485536805075,0.614350028261183,"0.5","10",0.668124190569706,0.591258501179911,0.0164891639520126
"140","GTX-680","Fan2",0.0169997204268515,0.0104167821206177,0.612761966612352,"0.5","10",0.668124190569706,0.591258501179911,0.0164891639520126
"592","GTX-680","Fan2",0.0575644431013509,0.0358770630795177,0.623250415475238,"0.5","10",0.668124190569706,0.591258501179911,0.0164891639520126
"763","GTX-680","Fan2",0.0381787593748199,0.0233484752046826,0.611556676723278,"0.5","10",0.668124190569706,0.591258501179911,0.0164891639520126
"834","GTX-680","Fan2",0.0163810295474573,0.0105194877793851,0.642175007920546,"0.5","10",0.668124190569706,0.591258501179911,0.0164891639520126
"639","GTX-680","Fan2",0.013719286513534,0.00845968045708053,0.616626852186163,"0.5","10",0.668124190569706,0.591258501179911,0.0164891639520126
"775","GTX-680","Fan2",0.0022894400338649,0.00150773682833068,0.658561397559475,"0.5","10",0.668124190569706,0.591258501179911,0.0164891639520126
"80","GTX-680","Fan2",0.021017921435485,0.0133336555161357,0.634394583549267,"0.5","10",0.668124190569706,0.591258501179911,0.0164891639520126
"265","GTX-680","Fan2",0.0149274488019188,0.00950762660236428,0.636922405732328,"0.5","10",0.668124190569706,0.591258501179911,0.0164891639520126
"215","Tesla-K40","Fan2",0.0114314911270124,0.00829413465127942,0.72555142274314,"0.5","10",0.823441658691188,0.704504561494867,0.0141705140312257
"451","Tesla-K40","Fan2",0.00246355302794001,0.00186033821855672,0.755144377838828,"0.5","10",0.823441658691188,0.704504561494867,0.0141705140312257
"219","Tesla-K40","Fan2",0.0110344030823382,0.00799152181585774,0.724236894032725,"0.5","10",0.823441658691188,0.704504561494867,0.0141705140312257
"328","Tesla-K40","Fan2",0.0189781541741352,0.0137863718653507,0.726433758460013,"0.5","10",0.823441658691188,0.704504561494867,0.0141705140312257
"881","Tesla-K40","Fan2",0.0134804977692918,0.0098935425746352,0.73391522657067,"0.5","10",0.823441658691188,0.704504561494867,0.0141705140312257
"288","Tesla-K40","Fan2",0.0147514870341035,0.0107666861635035,0.729871242039009,"0.5","10",0.823441658691188,0.704504561494867,0.0141705140312257
"220","Tesla-K40","Fan2",0.0234552282722314,0.0172612414591997,0.735922978828361,"0.5","10",0.823441658691188,0.704504561494867,0.0141705140312257
"303","Tesla-K40","Fan2",0.0183918330575682,0.0132452090745963,0.720167969834087,"0.5","10",0.823441658691188,0.704504561494867,0.0141705140312257
"329","Tesla-K40","Fan2",0.00902406821865078,0.00652358972781188,0.722910063371313,"0.5","10",0.823441658691188,0.704504561494867,0.0141705140312257
"115","Tesla-K40","Fan2",0.00733946980608658,0.00531342051124655,0.723951545769717,"0.5","10",0.823441658691188,0.704504561494867,0.0141705140312257
"247","Tesla-K40","Fan2",0.0152094624308661,0.0109721553983682,0.721403234877077,"0.5","10",0.823441658691188,0.704504561494867,0.0141705140312257
"608","Tesla-K40","Fan2",0.00929416386694918,0.00680216681617125,0.731875068435185,"0.5","10",0.823441658691188,0.704504561494867,0.0141705140312257
"18","Tesla-K40","Fan2",0.00925206479015421,0.00677165920549307,0.731907888571996,"0.5","10",0.823441658691188,0.704504561494867,0.0141705140312257
"644","Tesla-K40","Fan2",0.0143116981431912,0.0104530462945771,0.730384765664594,"0.5","10",0.823441658691188,0.704504561494867,0.0141705140312257
"764","Tesla-K40","Fan2",0.0194782579992983,0.0140145874031985,0.719499012884177,"0.5","10",0.823441658691188,0.704504561494867,0.0141705140312257
"704","Tesla-K40","Fan2",0.0111063872824531,0.00804539819734603,0.724393809862628,"0.5","10",0.823441658691188,0.704504561494867,0.0141705140312257
"93","Tesla-K40","Fan2",0.014045614473493,0.0102589488384764,0.730402280216164,"0.5","10",0.823441658691188,0.704504561494867,0.0141705140312257
"319","Tesla-K40","Fan2",0.0112142970055147,0.00813570664945657,0.725476295612267,"0.5","10",0.823441658691188,0.704504561494867,0.0141705140312257
"151","Tesla-K40","Fan2",0.00482941837102665,0.00340234727175539,0.704504561494867,"0.5","10",0.823441658691188,0.704504561494867,0.0141705140312257
"304","Tesla-K40","Fan2",0.0390696613252663,0.0280507776807144,0.717968283553408,"0.5","10",0.823441658691188,0.704504561494867,0.0141705140312257
"459","Tesla-K40","Fan2",0.0149389855385768,0.0108843373165796,0.728586107033379,"0.5","10",0.823441658691188,0.704504561494867,0.0141705140312257
"376","Tesla-K40","Fan2",0.00732481134202795,0.00533292620375396,0.728063284463718,"0.5","10",0.823441658691188,0.704504561494867,0.0141705140312257
"445","Tesla-K40","Fan2",0.0171207424589201,0.0123707314454983,0.722558117744074,"0.5","10",0.823441658691188,0.704504561494867,0.0141705140312257
"453","Tesla-K40","Fan2",0.0194582240170942,0.0140309583571786,0.721081140028622,"0.5","10",0.823441658691188,0.704504561494867,0.0141705140312257
"406","Tesla-K40","Fan2",0.0199150263826661,0.0145170507856738,0.728949613559602,"0.5","10",0.823441658691188,0.704504561494867,0.0141705140312257
"586","Tesla-K40","Fan2",0.00142410424145898,0.00112127305046413,0.787353213213795,"0.5","10",0.823441658691188,0.704504561494867,0.0141705140312257
"690","Tesla-K40","Fan2",0.0207402305258746,0.0151291112656468,0.729457237554441,"0.5","10",0.823441658691188,0.704504561494867,0.0141705140312257
"538","Tesla-K40","Fan2",0.0109288196480107,0.00790535379495157,0.723349277375122,"0.5","10",0.823441658691188,0.704504561494867,0.0141705140312257
"128","Tesla-K40","Fan2",0.00679593566787166,0.00494931521556617,0.728275760314281,"0.5","10",0.823441658691188,0.704504561494867,0.0141705140312257
"915","Tesla-K40","Fan2",0.0212640930213626,0.0156322102428535,0.735145873710622,"0.5","10",0.823441658691188,0.704504561494867,0.0141705140312257
"698","Tesla-K40","Fan2",0.0084430426574561,0.00620515028278799,0.734942429469806,"0.5","10",0.823441658691188,0.704504561494867,0.0141705140312257
"597","Tesla-K40","Fan2",0.00695199761151523,0.0051418311349312,0.739619232091552,"0.5","10",0.823441658691188,0.704504561494867,0.0141705140312257
"832","Tesla-K40","Fan2",0.0104294039843328,0.00763207041364482,0.731783947108559,"0.5","10",0.823441658691188,0.704504561494867,0.0141705140312257
"54","Tesla-K40","Fan2",0.0110024108105658,0.00796023551466863,0.723499208648373,"0.5","10",0.823441658691188,0.704504561494867,0.0141705140312257
"321","Tesla-K40","Fan2",0.0137743234588265,0.00986038618686623,0.715852667199259,"0.5","10",0.823441658691188,0.704504561494867,0.0141705140312257
"315","Tesla-K40","Fan2",0.00957750990396158,0.00690590604315698,0.721054440288333,"0.5","10",0.823441658691188,0.704504561494867,0.0141705140312257
"747","Tesla-K40","Fan2",0.0101064593967856,0.00734788959375245,0.727048841267743,"0.5","10",0.823441658691188,0.704504561494867,0.0141705140312257
"183","Tesla-K40","Fan2",0.0183664552417276,0.0131724407547925,0.717201037512421,"0.5","10",0.823441658691188,0.704504561494867,0.0141705140312257
"422","Tesla-K40","Fan2",0.0192824016572268,0.013905937008414,0.721172458473409,"0.5","10",0.823441658691188,0.704504561494867,0.0141705140312257
"965","Tesla-K40","Fan2",0.0216119711682062,0.0155536431407985,0.719677211289258,"0.5","10",0.823441658691188,0.704504561494867,0.0141705140312257
"580","Tesla-K40","Fan2",0.0238336185369171,0.0173920763951393,0.729728738764522,"0.5","10",0.823441658691188,0.704504561494867,0.0141705140312257
"256","Tesla-K40","Fan2",0.0102304128916003,0.00744966281977679,0.728187894145829,"0.5","10",0.823441658691188,0.704504561494867,0.0141705140312257
"798","Tesla-K40","Fan2",0.017069281935365,0.0123911295337489,0.72593150553547,"0.5","10",0.823441658691188,0.704504561494867,0.0141705140312257
"5151","Tesla-K40","Fan2",0.00472380296312154,0.00344598008400394,0.729492764813967,"0.5","10",0.823441658691188,0.704504561494867,0.0141705140312257
"2961","Tesla-K40","Fan2",0.0148080915906528,0.0108200247786079,0.730683269506368,"0.5","10",0.823441658691188,0.704504561494867,0.0141705140312257
"5851","Tesla-K40","Fan2",0.00483482496760599,0.00352839914778892,0.729788393877689,"0.5","10",0.823441658691188,0.704504561494867,0.0141705140312257
"603","Tesla-K40","Fan2",0.0124591904653516,0.00904320750002095,0.725826250523231,"0.5","10",0.823441658691188,0.704504561494867,0.0141705140312257
"570","Tesla-K40","Fan2",0.0159484029259218,0.0115982291408724,0.727234519640909,"0.5","10",0.823441658691188,0.704504561494867,0.0141705140312257
"2761","Tesla-K40","Fan2",0.0078907213285459,0.00579244775183309,0.734083426679639,"0.5","10",0.823441658691188,0.704504561494867,0.0141705140312257
"176","Tesla-K40","Fan2",0.0076518602380118,0.00560208940633022,0.732121240074535,"0.5","10",0.823441658691188,0.704504561494867,0.0141705140312257
"358","Tesla-K40","Fan2",0.0146955044959652,0.0107491068775303,0.731455451596204,"0.5","10",0.823441658691188,0.704504561494867,0.0141705140312257
"624","Tesla-K40","Fan2",0.00201359844216871,0.0015769082663755,0.78312946283228,"0.5","10",0.823441658691188,0.704504561494867,0.0141705140312257
"66","Tesla-K40","Fan2",0.00616609580652343,0.00447347834403392,0.725496081215798,"0.5","10",0.823441658691188,0.704504561494867,0.0141705140312257
"752","Tesla-K40","Fan2",0.0180830337338515,0.013104798393469,0.724701318724897,"0.5","10",0.823441658691188,0.704504561494867,0.0141705140312257
"342","Tesla-K40","Fan2",0.0186143171658003,0.0136159917987392,0.731479520707618,"0.5","10",0.823441658691188,0.704504561494867,0.0141705140312257
"43","Tesla-K40","Fan2",0.0102949158552971,0.00748110268840935,0.726679342848645,"0.5","10",0.823441658691188,0.704504561494867,0.0141705140312257
"929","Tesla-K40","Fan2",0.00715519959140695,0.00521677077645858,0.729088086197297,"0.5","10",0.823441658691188,0.704504561494867,0.0141705140312257
"552","Tesla-K40","Fan2",0.0197868621282392,0.0144467053464081,0.730116036225378,"0.5","10",0.823441658691188,0.704504561494867,0.0141705140312257
"560","Tesla-K40","Fan2",0.018210876239212,0.0133045814429294,0.730584364429522,"0.5","10",0.823441658691188,0.704504561494867,0.0141705140312257
"332","Tesla-K40","Fan2",0.0190371298257808,0.0138388913339144,0.726942110526202,"0.5","10",0.823441658691188,0.704504561494867,0.0141705140312257
"818","Tesla-K40","Fan2",0.0170157247001739,0.0124096547990079,0.72930509970469,"0.5","10",0.823441658691188,0.704504561494867,0.0141705140312257
"109","Tesla-K40","Fan2",0.00472356551990353,0.00341567359004678,0.723113414147485,"0.5","10",0.823441658691188,0.704504561494867,0.0141705140312257
"527","Tesla-K40","Fan2",0.0086615816141878,0.00629408265112769,0.726666667992586,"0.5","10",0.823441658691188,0.704504561494867,0.0141705140312257
"919","Tesla-K40","Fan2",0.0112978779619883,0.00819316337245835,0.725194890582486,"0.5","10",0.823441658691188,0.704504561494867,0.0141705140312257
"390","Tesla-K40","Fan2",0.0301779250637186,0.0220763925820013,0.731541102822297,"0.5","10",0.823441658691188,0.704504561494867,0.0141705140312257
"613","Tesla-K40","Fan2",0.0184791443272985,0.0133314535604722,0.721432406411707,"0.5","10",0.823441658691188,0.704504561494867,0.0141705140312257
"648","Tesla-K40","Fan2",0.00795116165003637,0.00584795950586086,0.735484921984212,"0.5","10",0.823441658691188,0.704504561494867,0.0141705140312257
"790","Tesla-K40","Fan2",0.0167959116304577,0.0120957475023019,0.720160225204296,"0.5","10",0.823441658691188,0.704504561494867,0.0141705140312257
"8341","Tesla-K40","Fan2",0.0160552096052855,0.0116949031390771,0.728417966915055,"0.5","10",0.823441658691188,0.704504561494867,0.0141705140312257
"232","Tesla-K40","Fan2",0.00612552048468759,0.00445860437026098,0.727873554811625,"0.5","10",0.823441658691188,0.704504561494867,0.0141705140312257
"212","Tesla-K40","Fan2",0.0211162786092236,0.0154519802502811,0.731756789926592,"0.5","10",0.823441658691188,0.704504561494867,0.0141705140312257
"44","Tesla-K40","Fan2",0.019239315471694,0.0138055903326212,0.717571805136869,"0.5","10",0.823441658691188,0.704504561494867,0.0141705140312257
"547","Tesla-K40","Fan2",0.00367399448625243,0.00272557056866329,0.741854833713549,"0.5","10",0.823441658691188,0.704504561494867,0.0141705140312257
"3531","Tesla-K40","Fan2",0.0168154064835108,0.0121153829369898,0.720493016262808,"0.5","10",0.823441658691188,0.704504561494867,0.0141705140312257
"174","Tesla-K40","Fan2",0.0167949679405759,0.0120171835965746,0.715522866080715,"0.5","10",0.823441658691188,0.704504561494867,0.0141705140312257
"623","Tesla-K40","Fan2",0.00594657340283803,0.00431063583540366,0.724894076535974,"0.5","10",0.823441658691188,0.704504561494867,0.0141705140312257
"5351","Tesla-K40","Fan2",0.000477903427562687,0.000393525591086423,0.823441658691188,"0.5","10",0.823441658691188,0.704504561494867,0.0141705140312257
"830","Tesla-K40","Fan2",0.00483904700948807,0.00352989236468744,0.729460234167238,"0.5","10",0.823441658691188,0.704504561494867,0.0141705140312257
"7871","Tesla-K40","Fan2",0.0190549256037869,0.0137479314787561,0.72148964339299,"0.5","10",0.823441658691188,0.704504561494867,0.0141705140312257
"8821","Tesla-K40","Fan2",0.0070266605829411,0.00505085967377431,0.718813668905039,"0.5","10",0.823441658691188,0.704504561494867,0.0141705140312257
"475","Tesla-K40","Fan2",0.0183677609045277,0.0132244948864662,0.719984050054045,"0.5","10",0.823441658691188,0.704504561494867,0.0141705140312257
"820","Tesla-K40","Fan2",0.00658650843964977,0.00478971108174857,0.727200325579975,"0.5","10",0.823441658691188,0.704504561494867,0.0141705140312257
"938","Tesla-K40","Fan2",0.00832590395796755,0.00604901266284552,0.726529238552754,"0.5","10",0.823441658691188,0.704504561494867,0.0141705140312257
"184","Tesla-K40","Fan2",0.00734142328853454,0.00535197696577314,0.729010813765715,"0.5","10",0.823441658691188,0.704504561494867,0.0141705140312257
"199","Tesla-K40","Fan2",0.00933881281375435,0.0067366237766546,0.721357619111156,"0.5","10",0.823441658691188,0.704504561494867,0.0141705140312257
"317","Tesla-K40","Fan2",0.0062170699045182,0.00452257716081616,0.727445119690453,"0.5","10",0.823441658691188,0.704504561494867,0.0141705140312257
"899","Tesla-K40","Fan2",0.00972616261865922,0.0070351079608891,0.723317945290422,"0.5","10",0.823441658691188,0.704504561494867,0.0141705140312257
"494","Tesla-K40","Fan2",0.0184912270405029,0.0133470994768371,0.721807127650416,"0.5","10",0.823441658691188,0.704504561494867,0.0141705140312257
"8551","Tesla-K40","Fan2",0.0110228206411352,0.00797796264870387,0.723767800315245,"0.5","10",0.823441658691188,0.704504561494867,0.0141705140312257
"708","Tesla-K40","Fan2",0.0138939941015061,0.0100399622066047,0.722611664670018,"0.5","10",0.823441658691188,0.704504561494867,0.0141705140312257
"754","Tesla-K40","Fan2",0.00922666419687049,0.00663364499751866,0.718964606923558,"0.5","10",0.823441658691188,0.704504561494867,0.0141705140312257
"667","Tesla-K40","Fan2",0.0182878892918839,0.0133627878856135,0.730690550032142,"0.5","10",0.823441658691188,0.704504561494867,0.0141705140312257
"251","Tesla-K40","Fan2",0.0188101568864953,0.0136214020778954,0.724151433722215,"0.5","10",0.823441658691188,0.704504561494867,0.0141705140312257
"774","Tesla-K40","Fan2",0.0231451388392738,0.0169810501043916,0.733676744058986,"0.5","10",0.823441658691188,0.704504561494867,0.0141705140312257
"661","Tesla-K40","Fan2",0.0184991383301283,0.0133527162892499,0.721802067261872,"0.5","10",0.823441658691188,0.704504561494867,0.0141705140312257
"190","Tesla-K40","Fan2",0.0282478037104189,0.020697949286238,0.732727736939201,"0.5","10",0.823441658691188,0.704504561494867,0.0141705140312257
"380","Tesla-K40","Fan2",0.0203587687503448,0.0146954630725315,0.721824745530477,"0.5","10",0.823441658691188,0.704504561494867,0.0141705140312257
"937","Tesla-K40","Fan2",0.00678238706521518,0.00494810895453142,0.729552723392738,"0.5","10",0.823441658691188,0.704504561494867,0.0141705140312257
"359","Tesla-K40","Fan2",0.00584583871935779,0.00421415406911236,0.720881001242422,"0.5","10",0.823441658691188,0.704504561494867,0.0141705140312257
"874","Tesla-K40","Fan2",0.04060902933599,0.0290924558412362,0.716403625423591,"0.5","10",0.823441658691188,0.704504561494867,0.0141705140312257
"660","Tesla-K20","Fan2",0.0132966023453925,0.0161283494930542,1.21296772469419,"0.5","10",1.30076017708494,1.16454720712737,0.018448236638523
"46","Tesla-K20","Fan2",0.0216271649534146,0.0258755381616316,1.19643689856567,"0.5","10",1.30076017708494,1.16454720712737,0.018448236638523
"370","Tesla-K20","Fan2",0.021481287060855,0.0255593556734882,1.18984284326541,"0.5","10",1.30076017708494,1.16454720712737,0.018448236638523
"428","Tesla-K20","Fan2",0.0162075723822994,0.019003859657517,1.17252967990885,"0.5","10",1.30076017708494,1.16454720712737,0.018448236638523
"239","Tesla-K20","Fan2",0.0137115378051897,0.0166072733646061,1.21118970027711,"0.5","10",1.30076017708494,1.16454720712737,0.018448236638523
"978","Tesla-K20","Fan2",0.0135049247434791,0.0162766770971478,1.20524011842472,"0.5","10",1.30076017708494,1.16454720712737,0.018448236638523
"711","Tesla-K20","Fan2",0.0179804972753141,0.0217582015727045,1.21010010121227,"0.5","10",1.30076017708494,1.16454720712737,0.018448236638523
"336","Tesla-K20","Fan2",0.0202182946214353,0.0243542542917548,1.20456520927015,"0.5","10",1.30076017708494,1.16454720712737,0.018448236638523
"259","Tesla-K20","Fan2",0.0148362819652326,0.0178500874108153,1.20313751468497,"0.5","10",1.30076017708494,1.16454720712737,0.018448236638523
"91","Tesla-K20","Fan2",0.00524835913157518,0.00633393947145071,1.20684185526567,"0.5","10",1.30076017708494,1.16454720712737,0.018448236638523
"121","Tesla-K20","Fan2",0.0224406320221426,0.0267526585159089,1.19215263141927,"0.5","10",1.30076017708494,1.16454720712737,0.018448236638523
"277","Tesla-K20","Fan2",0.00972962783614124,0.0117800428938525,1.21073931009929,"0.5","10",1.30076017708494,1.16454720712737,0.018448236638523
"400","Tesla-K20","Fan2",0.01833920184224,0.0221061472238595,1.20540399816874,"0.5","10",1.30076017708494,1.16454720712737,0.018448236638523
"281","Tesla-K20","Fan2",0.0162503403494416,0.0197000097598967,1.21228290215926,"0.5","10",1.30076017708494,1.16454720712737,0.018448236638523
"141","Tesla-K20","Fan2",0.00737123420106767,0.00883535141750154,1.19862578999617,"0.5","10",1.30076017708494,1.16454720712737,0.018448236638523
"8201","Tesla-K20","Fan2",0.00564389240496867,0.00688579132469454,1.22004298285923,"0.5","10",1.30076017708494,1.16454720712737,0.018448236638523
"636","Tesla-K20","Fan2",0.00354594706123986,0.0043529826815476,1.22759381524031,"0.5","10",1.30076017708494,1.16454720712737,0.018448236638523
"386","Tesla-K20","Fan2",0.0137164261049261,0.0166151468149276,1.21133206914303,"0.5","10",1.30076017708494,1.16454720712737,0.018448236638523
"25","Tesla-K20","Fan2",0.0146365400801774,0.0171991115673927,1.17508041334754,"0.5","10",1.30076017708494,1.16454720712737,0.018448236638523
"14","Tesla-K20","Fan2",0.0134683632583295,0.016284056627608,1.20905980298215,"0.5","10",1.30076017708494,1.16454720712737,0.018448236638523
"30","Tesla-K20","Fan2",0.0160065752603289,0.0191859021482037,1.1986263042635,"0.5","10",1.30076017708494,1.16454720712737,0.018448236638523
"55","Tesla-K20","Fan2",0.0190206964149169,0.0225405285986589,1.18505275027583,"0.5","10",1.30076017708494,1.16454720712737,0.018448236638523
"525","Tesla-K20","Fan2",0.0131775761399334,0.0156859917514245,1.19035485622349,"0.5","10",1.30076017708494,1.16454720712737,0.018448236638523
"924","Tesla-K20","Fan2",0.0137757648914777,0.0166911124954281,1.21162872819889,"0.5","10",1.30076017708494,1.16454720712737,0.018448236638523
"928","Tesla-K20","Fan2",0.0226060616582298,0.0269949043700509,1.19414450770656,"0.5","10",1.30076017708494,1.16454720712737,0.018448236638523
"218","Tesla-K20","Fan2",0.0236380529335594,0.0281463673963975,1.1907227501144,"0.5","10",1.30076017708494,1.16454720712737,0.018448236638523
"687","Tesla-K20","Fan2",0.0161139046852397,0.0194730258963092,1.20846103267239,"0.5","10",1.30076017708494,1.16454720712737,0.018448236638523
"132","Tesla-K20","Fan2",0.0196105768505134,0.0232146918878031,1.18378424381715,"0.5","10",1.30076017708494,1.16454720712737,0.018448236638523
"167","Tesla-K20","Fan2",0.016444541777826,0.0198948280647934,1.20981346477041,"0.5","10",1.30076017708494,1.16454720712737,0.018448236638523
"477","Tesla-K20","Fan2",0.0143108123498806,0.0172265181865363,1.20374146242509,"0.5","10",1.30076017708494,1.16454720712737,0.018448236638523
"116","Tesla-K20","Fan2",0.00747677831619319,0.0090500696938161,1.21042370270835,"0.5","10",1.30076017708494,1.16454720712737,0.018448236638523
"8342","Tesla-K20","Fan2",0.0127806416609422,0.0152508226532867,1.19327519367775,"0.5","10",1.30076017708494,1.16454720712737,0.018448236638523
"916","Tesla-K20","Fan2",0.0160796792116128,0.018885967115227,1.17452387368446,"0.5","10",1.30076017708494,1.16454720712737,0.018448236638523
"152","Tesla-K20","Fan2",0.00990362733983717,0.0115463158982596,1.16586736375012,"0.5","10",1.30076017708494,1.16454720712737,0.018448236638523
"324","Tesla-K20","Fan2",0.0324501887545826,0.0380780550425315,1.17343092610375,"0.5","10",1.30076017708494,1.16454720712737,0.018448236638523
"444","Tesla-K20","Fan2",0.00775088147476162,0.00941733309136812,1.21500156105248,"0.5","10",1.30076017708494,1.16454720712737,0.018448236638523
"6231","Tesla-K20","Fan2",0.001492842676788,0.00194183030461871,1.30076017708494,"0.5","10",1.30076017708494,1.16454720712737,0.018448236638523
"405","Tesla-K20","Fan2",0.025132421400517,0.0298423670051202,1.18740516600228,"0.5","10",1.30076017708494,1.16454720712737,0.018448236638523
"86","Tesla-K20","Fan2",0.0112929295573599,0.0136923689182253,1.21247271123741,"0.5","10",1.30076017708494,1.16454720712737,0.018448236638523
"5461","Tesla-K20","Fan2",0.0192948559655346,0.0227607191279387,1.17962627803986,"0.5","10",1.30076017708494,1.16454720712737,0.018448236638523
"21","Tesla-K20","Fan2",0.0136471726173122,0.0160072104836828,1.17293236720526,"0.5","10",1.30076017708494,1.16454720712737,0.018448236638523
"813","Tesla-K20","Fan2",0.00624196950633281,0.00752360926830237,1.2053261812108,"0.5","10",1.30076017708494,1.16454720712737,0.018448236638523
"664","Tesla-K20","Fan2",0.0123146978561921,0.0145078187153225,1.17808970100128,"0.5","10",1.30076017708494,1.16454720712737,0.018448236638523
"343","Tesla-K20","Fan2",0.016511182035828,0.019835242297302,1.20132176207985,"0.5","10",1.30076017708494,1.16454720712737,0.018448236638523
"34","Tesla-K20","Fan2",0.0139026500688038,0.0168661823759161,1.2131631230338,"0.5","10",1.30076017708494,1.16454720712737,0.018448236638523
"699","Tesla-K20","Fan2",0.0164018659941322,0.0197389272887191,1.20345619795825,"0.5","10",1.30076017708494,1.16454720712737,0.018448236638523
"503","Tesla-K20","Fan2",0.0198768339193284,0.0239597473000454,1.20541065027196,"0.5","10",1.30076017708494,1.16454720712737,0.018448236638523
"344","Tesla-K20","Fan2",0.0152966682613591,0.0185394402919513,1.21199204788822,"0.5","10",1.30076017708494,1.16454720712737,0.018448236638523
"238","Tesla-K20","Fan2",0.0185610793023901,0.0225492577508083,1.21486780932532,"0.5","10",1.30076017708494,1.16454720712737,0.018448236638523
"273","Tesla-K20","Fan2",0.0108213432831955,0.0130210831059257,1.2032778893676,"0.5","10",1.30076017708494,1.16454720712737,0.018448236638523
"4511","Tesla-K20","Fan2",0.0145668083011769,0.0176591039974041,1.21228368166123,"0.5","10",1.30076017708494,1.16454720712737,0.018448236638523
"989","Tesla-K20","Fan2",0.0148741806094701,0.0179853179929314,1.20916361479976,"0.5","10",1.30076017708494,1.16454720712737,0.018448236638523
"876","Tesla-K20","Fan2",0.0183092300763519,0.0220817475436319,1.20604457159302,"0.5","10",1.30076017708494,1.16454720712737,0.018448236638523
"844","Tesla-K20","Fan2",0.00818772535492252,0.00961435756164383,1.17424035918152,"0.5","10",1.30076017708494,1.16454720712737,0.018448236638523
"446","Tesla-K20","Fan2",0.0278551050024137,0.0327790125466757,1.17676858672173,"0.5","10",1.30076017708494,1.16454720712737,0.018448236638523
"573","Tesla-K20","Fan2",0.0139926303549409,0.0169774270292182,1.21331205059837,"0.5","10",1.30076017708494,1.16454720712737,0.018448236638523
"9561","Tesla-K20","Fan2",0.0138783419538206,0.0163029065634844,1.17470131646356,"0.5","10",1.30076017708494,1.16454720712737,0.018448236638523
"191","Tesla-K20","Fan2",0.0221901097989689,0.0264669772006981,1.19273755021834,"0.5","10",1.30076017708494,1.16454720712737,0.018448236638523
"107","Tesla-K20","Fan2",0.00944112487137053,0.0114069453126023,1.20821887942537,"0.5","10",1.30076017708494,1.16454720712737,0.018448236638523
"433","Tesla-K20","Fan2",0.00848960642915223,0.010147135874112,1.19524220101276,"0.5","10",1.30076017708494,1.16454720712737,0.018448236638523
"464","Tesla-K20","Fan2",0.0028354100395261,0.00338979220788582,1.19552098660565,"0.5","10",1.30076017708494,1.16454720712737,0.018448236638523
"125","Tesla-K20","Fan2",0.0121191890583822,0.0145897638525159,1.20385644470369,"0.5","10",1.30076017708494,1.16454720712737,0.018448236638523
"748","Tesla-K20","Fan2",0.00789843530002937,0.00960960312717048,1.21664643212748,"0.5","10",1.30076017708494,1.16454720712737,0.018448236638523
"816","Tesla-K20","Fan2",0.0111197648082523,0.0134735350030379,1.21167445853161,"0.5","10",1.30076017708494,1.16454720712737,0.018448236638523
"991","Tesla-K20","Fan2",0.0266196812941768,0.0313190355627636,1.17653683440661,"0.5","10",1.30076017708494,1.16454720712737,0.018448236638523
"101","Tesla-K20","Fan2",0.00456141885699495,0.00559226278778803,1.22599194748631,"0.5","10",1.30076017708494,1.16454720712737,0.018448236638523
"682","Tesla-K20","Fan2",0.00447716185383731,0.00541866897643945,1.21029106236023,"0.5","10",1.30076017708494,1.16454720712737,0.018448236638523
"621","Tesla-K20","Fan2",0.00837109097876306,0.0101247875393473,1.20949438550283,"0.5","10",1.30076017708494,1.16454720712737,0.018448236638523
"511","Tesla-K20","Fan2",0.00678878369944508,0.00826297698067342,1.21715131111761,"0.5","10",1.30076017708494,1.16454720712737,0.018448236638523
"630","Tesla-K20","Fan2",0.0092467743996722,0.0112577892594132,1.21748285108073,"0.5","10",1.30076017708494,1.16454720712737,0.018448236638523
"762","Tesla-K20","Fan2",0.0201153908821788,0.024276465223376,1.20686022785089,"0.5","10",1.30076017708494,1.16454720712737,0.018448236638523
"312","Tesla-K20","Fan2",0.0149310020736878,0.0180557893155665,1.2092818168839,"0.5","10",1.30076017708494,1.16454720712737,0.018448236638523
"7521","Tesla-K20","Fan2",0.0124241660098816,0.0146943573767795,1.18272384360386,"0.5","10",1.30076017708494,1.16454720712737,0.018448236638523
"236","Tesla-K20","Fan2",0.0133714398559859,0.0157897459098428,1.18085606934651,"0.5","10",1.30076017708494,1.16454720712737,0.018448236638523
"7751","Tesla-K20","Fan2",0.0037506861140448,0.00452135433705987,1.20547393185722,"0.5","10",1.30076017708494,1.16454720712737,0.018448236638523
"104","Tesla-K20","Fan2",0.0248466539727764,0.028935101490457,1.16454720712737,"0.5","10",1.30076017708494,1.16454720712737,0.018448236638523
"192","Tesla-K20","Fan2",0.010652631266446,0.0128996381396585,1.21093444586693,"0.5","10",1.30076017708494,1.16454720712737,0.018448236638523
"478","Tesla-K20","Fan2",0.00954189398080852,0.0115493503488032,1.21038342828292,"0.5","10",1.30076017708494,1.16454720712737,0.018448236638523
"759","Tesla-K20","Fan2",0.00832366370138404,0.00977918062912827,1.17486493687896,"0.5","10",1.30076017708494,1.16454720712737,0.018448236638523
"409","Tesla-K20","Fan2",0.0108522514272873,0.0129111703420367,1.18972274357488,"0.5","10",1.30076017708494,1.16454720712737,0.018448236638523
"53","Tesla-K20","Fan2",0.00564388554707849,0.00687809950813215,1.2186816069813,"0.5","10",1.30076017708494,1.16454720712737,0.018448236638523
"539","Tesla-K20","Fan2",0.0129827402694208,0.0154966580710365,1.19363537661897,"0.5","10",1.30076017708494,1.16454720712737,0.018448236638523
"1151","Tesla-K20","Fan2",0.0142017467135569,0.0168243537491027,1.18466792067502,"0.5","10",1.30076017708494,1.16454720712737,0.018448236638523
"68","Tesla-K20","Fan2",0.018307800368102,0.0222010708120999,1.2126563740984,"0.5","10",1.30076017708494,1.16454720712737,0.018448236638523
"51","Tesla-K20","Fan2",0.0115086666360955,0.0136504248675285,1.18609959773408,"0.5","10",1.30076017708494,1.16454720712737,0.018448236638523
"962","Tesla-K20","Fan2",0.0104838853592568,0.0124580863200784,1.18830814084384,"0.5","10",1.30076017708494,1.16454720712737,0.018448236638523
"99","Tesla-K20","Fan2",0.0337281653012238,0.0394661444588221,1.17012425983901,"0.5","10",1.30076017708494,1.16454720712737,0.018448236638523
"544","Tesla-K20","Fan2",0.0161732970491205,0.0190118985529726,1.17551161616775,"0.5","10",1.30076017708494,1.16454720712737,0.018448236638523
"181","Tesla-K20","Fan2",0.0151206338100939,0.0178137270929837,1.17810716909843,"0.5","10",1.30076017708494,1.16454720712737,0.018448236638523
"9941","Tesla-K20","Fan2",0.0206807608153138,0.0246072462798017,1.1898617511973,"0.5","10",1.30076017708494,1.16454720712737,0.018448236638523
"895","Tesla-K20","Fan2",0.0124255635713884,0.0146611016994227,1.1799144252243,"0.5","10",1.30076017708494,1.16454720712737,0.018448236638523
"7041","Tesla-K20","Fan2",0.0117494489829814,0.0143229321002941,1.21903011120269,"0.5","10",1.30076017708494,1.16454720712737,0.018448236638523
"808","Tesla-K20","Fan2",0.0101347799554969,0.0123142025793386,1.21504390163494,"0.5","10",1.30076017708494,1.16454720712737,0.018448236638523
"2191","Tesla-K20","Fan2",0.0185338516363917,0.0219555859718986,1.18462079025108,"0.5","10",1.30076017708494,1.16454720712737,0.018448236638523
"582","Tesla-K20","Fan2",0.0154712399111847,0.018594425177232,1.20187039202912,"0.5","10",1.30076017708494,1.16454720712737,0.018448236638523
"885","Tesla-K20","Fan2",0.0158271270201559,0.0192462779762293,1.21603105552379,"0.5","10",1.30076017708494,1.16454720712737,0.018448236638523
"298","Tesla-K20","Fan2",0.0132665484057409,0.0159807193371751,1.20458757232286,"0.5","10",1.30076017708494,1.16454720712737,0.018448236638523
"490","Tesla-K20","Fan2",0.0126903333158933,0.0151680330247395,1.19524307574673,"0.5","10",1.30076017708494,1.16454720712737,0.018448236638523
"635","Tesla-K20","Fan2",0.0310085537968107,0.0364331485479788,1.17493865682075,"0.5","10",1.30076017708494,1.16454720712737,0.018448236638523
"9811","Tesla-K20","Fan2",0.0113076155977969,0.0134739315569059,1.19158026202544,"0.5","10",1.30076017708494,1.16454720712737,0.018448236638523
"235","Quadro","Fan2",0.0107790947891311,0.0150822725220346,1.39921513049894,"0.5","10",1.39963845705142,1.10046981235439,0.0485959982290777
"5601","Quadro","Fan2",0.00652784762428687,0.00856473343475838,1.31203023227645,"0.5","10",1.39963845705142,1.10046981235439,0.0485959982290777
"891","Quadro","Fan2",0.00891242437005512,0.0115958445218945,1.30108756500144,"0.5","10",1.39963845705142,1.10046981235439,0.0485959982290777
"5821","Quadro","Fan2",0.0175875149250794,0.0212358051395395,1.20743636778711,"0.5","10",1.39963845705142,1.10046981235439,0.0485959982290777
"255","Quadro","Fan2",0.0164810198529332,0.0220107345981618,1.3355201798537,"0.5","10",1.39963845705142,1.10046981235439,0.0485959982290777
"2811","Quadro","Fan2",0.0123485939452732,0.0164065705814276,1.32861851755257,"0.5","10",1.39963845705142,1.10046981235439,0.0485959982290777
"8661","Quadro","Fan2",0.0107916159174817,0.0138601227420625,1.28434173788654,"0.5","10",1.39963845705142,1.10046981235439,0.0485959982290777
"717","Quadro","Fan2",0.0388082651610221,0.0486582972849979,1.25381274022702,"0.5","10",1.39963845705142,1.10046981235439,0.0485959982290777
"229","Quadro","Fan2",0.000455408566938394,0.000580959773231859,1.27568916223407,"0.5","10",1.39963845705142,1.10046981235439,0.0485959982290777
"9911","Quadro","Fan2",0.00634563866537921,0.00841748792663122,1.32649972217228,"0.5","10",1.39963845705142,1.10046981235439,0.0485959982290777
"65","Quadro","Fan2",0.030137667719678,0.0377418347290909,1.25231438212612,"0.5","10",1.39963845705142,1.10046981235439,0.0485959982290777
"783","Quadro","Fan2",0.0235581688081504,0.031038357511021,1.31751995512838,"0.5","10",1.39963845705142,1.10046981235439,0.0485959982290777
"710","Quadro","Fan2",0.0132485372911188,0.0176874639563082,1.33505032047312,"0.5","10",1.39963845705142,1.10046981235439,0.0485959982290777
"117","Quadro","Fan2",0.00790176812227427,0.01050445122363,1.32937983766178,"0.5","10",1.39963845705142,1.10046981235439,0.0485959982290777
"1841","Quadro","Fan2",0.0113050945569186,0.0149397766413507,1.32150833114506,"0.5","10",1.39963845705142,1.10046981235439,0.0485959982290777
"740","Quadro","Fan2",0.0110539107949323,0.0146833746444372,1.32834206072739,"0.5","10",1.39963845705142,1.10046981235439,0.0485959982290777
"3701","Quadro","Fan2",0.0198481210777626,0.0262839245412482,1.32425252940925,"0.5","10",1.39963845705142,1.10046981235439,0.0485959982290777
"2651","Quadro","Fan2",0.016426216651438,0.0219414378641945,1.33575724281425,"0.5","10",1.39963845705142,1.10046981235439,0.0485959982290777
"289","Quadro","Fan2",0.00187788505713817,0.00242391841736282,1.29077038456059,"0.5","10",1.39963845705142,1.10046981235439,0.0485959982290777
"16","Quadro","Fan2",0.0156963391169827,0.020829655098996,1.32703905947466,"0.5","10",1.39963845705142,1.10046981235439,0.0485959982290777
"533","Quadro","Fan2",0.0158958824109893,0.0212863998392937,1.33911407299904,"0.5","10",1.39963845705142,1.10046981235439,0.0485959982290777
"455","Quadro","Fan2",0.0134394046880369,0.0177087506565288,1.31767374132965,"0.5","10",1.39963845705142,1.10046981235439,0.0485959982290777
"201","Quadro","Fan2",0.049349937956924,0.06166961594498,1.24963917885387,"0.5","10",1.39963845705142,1.10046981235439,0.0485959982290777
"407","Quadro","Fan2",0.0353772466232926,0.0446519818232353,1.26216667731954,"0.5","10",1.39963845705142,1.10046981235439,0.0485959982290777
"372","Quadro","Fan2",0.0258267203703603,0.0328676022568771,1.27262005340009,"0.5","10",1.39963845705142,1.10046981235439,0.0485959982290777
"4651","Quadro","Fan2",0.00443056044810999,0.00599038246383302,1.35205975270881,"0.5","10",1.39963845705142,1.10046981235439,0.0485959982290777
"554","Quadro","Fan2",0.00299794495837156,0.00370743095925698,1.23665744726374,"0.5","10",1.39963845705142,1.10046981235439,0.0485959982290777
"5741","Quadro","Fan2",0.0137839225117635,0.0183308691853532,1.32987320334319,"0.5","10",1.39963845705142,1.10046981235439,0.0485959982290777
"9891","Quadro","Fan2",0.0359204176169276,0.0454510525344239,1.26532639511978,"0.5","10",1.39963845705142,1.10046981235439,0.0485959982290777
"45","Quadro","Fan2",0.00985763136613106,0.0134501087159014,1.36443616284064,"0.5","10",1.39963845705142,1.10046981235439,0.0485959982290777
"397","Quadro","Fan2",0.0536131511867383,0.0667468510336296,1.24497160782707,"0.5","10",1.39963845705142,1.10046981235439,0.0485959982290777
"8822","Quadro","Fan2",0.00857415219998602,0.011398420226712,1.32939326954455,"0.5","10",1.39963845705142,1.10046981235439,0.0485959982290777
"401","Quadro","Fan2",0.00241424726945217,0.00322710885614843,1.33669359264956,"0.5","10",1.39963845705142,1.10046981235439,0.0485959982290777
"144","Quadro","Fan2",0.0127802166125154,0.0164727726846123,1.28892750287822,"0.5","10",1.39963845705142,1.10046981235439,0.0485959982290777
"6241","Quadro","Fan2",0.0355309516526971,0.0450014533475806,1.26654230338254,"0.5","10",1.39963845705142,1.10046981235439,0.0485959982290777
"568","Quadro","Fan2",0.0014494521550991,0.00178759506484001,1.23329014935149,"0.5","10",1.39963845705142,1.10046981235439,0.0485959982290777
"9531","Quadro","Fan2",0.0145649513332534,0.0194485795505594,1.3353000024213,"0.5","10",1.39963845705142,1.10046981235439,0.0485959982290777
"57","Quadro","Fan2",0.0030257648042635,0.00332976282637636,1.10046981235439,"0.5","10",1.39963845705142,1.10046981235439,0.0485959982290777
"9341","Quadro","Fan2",0.0141711251033628,0.0189597596109242,1.3379149130809,"0.5","10",1.39963845705142,1.10046981235439,0.0485959982290777
"799","Quadro","Fan2",0.0590231976742155,0.0730993701530161,1.23848542663675,"0.5","10",1.39963845705142,1.10046981235439,0.0485959982290777
"7111","Quadro","Fan2",0.0207585472026608,0.0272766225645686,1.31399477517735,"0.5","10",1.39963845705142,1.10046981235439,0.0485959982290777
"7671","Quadro","Fan2",0.0266614997367204,0.0348770364947655,1.3081423340462,"0.5","10",1.39963845705142,1.10046981235439,0.0485959982290777
"578","Quadro","Fan2",0.00874174688350978,0.0116205678469408,1.32931872791484,"0.5","10",1.39963845705142,1.10046981235439,0.0485959982290777
"1761","Quadro","Fan2",0.0178411969566714,0.0240129356035727,1.34592626615186,"0.5","10",1.39963845705142,1.10046981235439,0.0485959982290777
"434","Quadro","Fan2",0.0423937196758458,0.0539751702346785,1.27318788366267,"0.5","10",1.39963845705142,1.10046981235439,0.0485959982290777
"5131","Quadro","Fan2",0.0435079578488902,0.0547604025998475,1.25862957737614,"0.5","10",1.39963845705142,1.10046981235439,0.0485959982290777
"309","Quadro","Fan2",0.0426069471076938,0.0536956722307782,1.26025626982981,"0.5","10",1.39963845705142,1.10046981235439,0.0485959982290777
"270","Quadro","Fan2",0.00857815811647072,0.0113935825516988,1.32820850315434,"0.5","10",1.39963845705142,1.10046981235439,0.0485959982290777
"663","Quadro","Fan2",0.0598069181188396,0.0740224696608837,1.23769075533698,"0.5","10",1.39963845705142,1.10046981235439,0.0485959982290777
"92","Quadro","Fan2",0.0403514791311407,0.0517501996489867,1.28248581621508,"0.5","10",1.39963845705142,1.10046981235439,0.0485959982290777
"679","Quadro","Fan2",0.0343546561773817,0.0449815214387541,1.30932823796877,"0.5","10",1.39963845705142,1.10046981235439,0.0485959982290777
"7901","Quadro","Fan2",0.00597918833985438,0.00789167810620717,1.31985775621167,"0.5","10",1.39963845705142,1.10046981235439,0.0485959982290777
"911","Quadro","Fan2",0.0586028392211771,0.0724852265550385,1.23688933025014,"0.5","10",1.39963845705142,1.10046981235439,0.0485959982290777
"677","Quadro","Fan2",0.0315707929919272,0.0407454132921665,1.29060468334087,"0.5","10",1.39963845705142,1.10046981235439,0.0485959982290777
"908","Quadro","Fan2",0.0166031517784884,0.0204435586188245,1.23130589249397,"0.5","10",1.39963845705142,1.10046981235439,0.0485959982290777
"223","Quadro","Fan2",0.0192643606759792,0.0251596629636422,1.30602117489494,"0.5","10",1.39963845705142,1.10046981235439,0.0485959982290777
"780","Quadro","Fan2",0.00339100821304028,0.00406180980783832,1.19781774406161,"0.5","10",1.39963845705142,1.10046981235439,0.0485959982290777
"741","Quadro","Fan2",0.0604517598741285,0.0746028558922547,1.2340890661842,"0.5","10",1.39963845705142,1.10046981235439,0.0485959982290777
"230","Quadro","Fan2",0.00648787548827681,0.00763299682440818,1.17650174362941,"0.5","10",1.39963845705142,1.10046981235439,0.0485959982290777
"5941","Quadro","Fan2",0.00526574701499925,0.00627789624215967,1.1922137968796,"0.5","10",1.39963845705142,1.10046981235439,0.0485959982290777
"5921","Quadro","Fan2",0.0110560343759445,0.0147393836306041,1.33315284028727,"0.5","10",1.39963845705142,1.10046981235439,0.0485959982290777
"437","Quadro","Fan2",0.017057482028657,0.0224528220888022,1.31630342925649,"0.5","10",1.39963845705142,1.10046981235439,0.0485959982290777
"382","Quadro","Fan2",0.0169711629743866,0.0218478319337781,1.28735031103947,"0.5","10",1.39963845705142,1.10046981235439,0.0485959982290777
"739","Quadro","Fan2",0.0200073035797741,0.0263272161265875,1.31588027450148,"0.5","10",1.39963845705142,1.10046981235439,0.0485959982290777
"3211","Quadro","Fan2",0.0446097027048751,0.0560157607062901,1.25568558653875,"0.5","10",1.39963845705142,1.10046981235439,0.0485959982290777
"42","Quadro","Fan2",0.0202134917882284,0.0264470734528718,1.30838717674072,"0.5","10",1.39963845705142,1.10046981235439,0.0485959982290777
"381","Quadro","Fan2",0.0332644535051921,0.0416018321119244,1.25063927791361,"0.5","10",1.39963845705142,1.10046981235439,0.0485959982290777
"4051","Quadro","Fan2",0.0150590271674751,0.0201144327570609,1.33570598773502,"0.5","10",1.39963845705142,1.10046981235439,0.0485959982290777
"646","Quadro","Fan2",0.0102958565999059,0.014410476845515,1.39963845705142,"0.5","10",1.39963845705142,1.10046981235439,0.0485959982290777
"3321","Quadro","Fan2",0.0571024556386995,0.0707568718847519,1.23912134939427,"0.5","10",1.39963845705142,1.10046981235439,0.0485959982290777
"684","Quadro","Fan2",0.021168954655095,0.0280282896382169,1.32402804460026,"0.5","10",1.39963845705142,1.10046981235439,0.0485959982290777
"81","Quadro","Fan2",0.0219964518858231,0.029074738671744,1.32179220642775,"0.5","10",1.39963845705142,1.10046981235439,0.0485959982290777
"819","Quadro","Fan2",0.0298359405568036,0.0381512348661417,1.27870059244511,"0.5","10",1.39963845705142,1.10046981235439,0.0485959982290777
"796","Quadro","Fan2",0.010885320448515,0.0147427088033122,1.35436608164562,"0.5","10",1.39963845705142,1.10046981235439,0.0485959982290777
"3241","Quadro","Fan2",0.00774298354757345,0.0102662769260795,1.32588127857986,"0.5","10",1.39963845705142,1.10046981235439,0.0485959982290777
"32","Quadro","Fan2",0.0112186181872792,0.0148295849965323,1.32187268957487,"0.5","10",1.39963845705142,1.10046981235439,0.0485959982290777
"986","Quadro","Fan2",0.0164587376416641,0.0217410232997301,1.32094111790774,"0.5","10",1.39963845705142,1.10046981235439,0.0485959982290777
"417","Quadro","Fan2",0.0110263591588177,0.0146858560929897,1.33188624472164,"0.5","10",1.39963845705142,1.10046981235439,0.0485959982290777
"100","Quadro","Fan2",0.0382087745446245,0.0479022619237932,1.25369793966691,"0.5","10",1.39963845705142,1.10046981235439,0.0485959982290777
"671","Quadro","Fan2",0.0141861591138046,0.0189272546170489,1.33420571877209,"0.5","10",1.39963845705142,1.10046981235439,0.0485959982290777
"522","Quadro","Fan2",0.00241521596693048,0.00323255856319672,1.33841387580135,"0.5","10",1.39963845705142,1.10046981235439,0.0485959982290777
"562","Quadro","Fan2",0.00529670204080792,0.00701149903642253,1.32374805726339,"0.5","10",1.39963845705142,1.10046981235439,0.0485959982290777
"949","Quadro","Fan2",0.0137673648349379,0.0183154510222648,1.33035270306668,"0.5","10",1.39963845705142,1.10046981235439,0.0485959982290777
"5031","Quadro","Fan2",0.0150256125099307,0.0200717805759511,1.33583776120177,"0.5","10",1.39963845705142,1.10046981235439,0.0485959982290777
"548","Quadro","Fan2",0.00433064790330448,0.00581966098590321,1.34383148107297,"0.5","10",1.39963845705142,1.10046981235439,0.0485959982290777
"604","Quadro","Fan2",0.0216330065857181,0.0281220134646709,1.29995862356168,"0.5","10",1.39963845705142,1.10046981235439,0.0485959982290777
"233","Quadro","Fan2",0.0145914707985276,0.0202829672437504,1.39005639142266,"0.5","10",1.39963845705142,1.10046981235439,0.0485959982290777
"863","Quadro","Fan2",0.0266994530930877,0.0349245518221753,1.30806244234332,"0.5","10",1.39963845705142,1.10046981235439,0.0485959982290777
"443","Quadro","Fan2",0.0172350073801181,0.0227137262843439,1.31788317715175,"0.5","10",1.39963845705142,1.10046981235439,0.0485959982290777
"197","Quadro","Fan2",0.0351135053674973,0.0442323360296435,1.25969582263886,"0.5","10",1.39963845705142,1.10046981235439,0.0485959982290777
"914","Quadro","Fan2",0.0143224529177351,0.0190435755079002,1.32963086820967,"0.5","10",1.39963845705142,1.10046981235439,0.0485959982290777
"250","Quadro","Fan2",0.00865422187150629,0.0115153610732468,1.33060617629422,"0.5","10",1.39963845705142,1.10046981235439,0.0485959982290777
"577","Quadro","Fan2",0.0107396719273447,0.0143698596785379,1.338016633632,"0.5","10",1.39963845705142,1.10046981235439,0.0485959982290777
"436","Quadro","Fan2",0.0417624745628553,0.0523176207843018,1.25274235619253,"0.5","10",1.39963845705142,1.10046981235439,0.0485959982290777
"138","Quadro","Fan2",0.0155225956414593,0.0191439805031452,1.23329763561021,"0.5","10",1.39963845705142,1.10046981235439,0.0485959982290777
"402","Quadro","Fan2",0.0141087241391273,0.0188652002344387,1.33713013653165,"0.5","10",1.39963845705142,1.10046981235439,0.0485959982290777
"5471","Quadro","Fan2",0.021223179040828,0.0276136080878071,1.30110611773502,"0.5","10",1.39963845705142,1.10046981235439,0.0485959982290777
"410","Quadro","Fan2",0.0256147916210354,0.0335024877255649,1.3079352048311,"0.5","10",1.39963845705142,1.10046981235439,0.0485959982290777
"569","Quadro","Fan2",0.0132721473597369,0.0176518395150611,1.32999122422424,"0.5","10",1.39963845705142,1.10046981235439,0.0485959982290777
"4751","Quadro","Fan2",0.00986003145323912,0.0131298927598815,1.33162787787743,"0.5","10",1.39963845705142,1.10046981235439,0.0485959982290777
"6441","GTX-750","Fan2",0.0292177620814187,0.0105835229668286,0.362229076181003,"0.5","10",0.392467506088786,0.357558564173375,0.00924763428105276
"385","GTX-750","Fan2",0.0135352365969585,0.00501503362672445,0.370516879464919,"0.5","10",0.392467506088786,0.357558564173375,0.00924763428105276
"706","GTX-750","Fan2",0.0241658230309231,0.00876170602028623,0.362566009404049,"0.5","10",0.392467506088786,0.357558564173375,0.00924763428105276
"4011","GTX-750","Fan2",0.0065362878958979,0.00241860318228267,0.37002702769573,"0.5","10",0.392467506088786,0.357558564173375,0.00924763428105276
"394","GTX-750","Fan2",0.0294326854888769,0.0106838739163723,0.362993513466854,"0.5","10",0.392467506088786,0.357558564173375,0.00924763428105276
"3751","GTX-750","Fan2",0.00305222060796228,0.00109134761812338,0.357558564173375,"0.5","10",0.392467506088786,0.357558564173375,0.00924763428105276
"2021","GTX-750","Fan2",0.0166002253112502,0.00616339054027313,0.371283547344151,"0.5","10",0.392467506088786,0.357558564173375,0.00924763428105276
"923","GTX-750","Fan2",0.0290419975914677,0.0105185802264832,0.362185149053711,"0.5","10",0.392467506088786,0.357558564173375,0.00924763428105276
"975","GTX-750","Fan2",0.0273325355406019,0.0100591966434333,0.368030131287696,"0.5","10",0.392467506088786,0.357558564173375,0.00924763428105276
"2361","GTX-750","Fan2",0.0182450236661335,0.00670837131648031,0.367682248005654,"0.5","10",0.392467506088786,0.357558564173375,0.00924763428105276
"3431","GTX-750","Fan2",0.0317435225024167,0.0123797052559909,0.389991540952912,"0.5","10",0.392467506088786,0.357558564173375,0.00924763428105276
"589","GTX-750","Fan2",0.0163526883791533,0.0062946842784079,0.384932687057894,"0.5","10",0.392467506088786,0.357558564173375,0.00924763428105276
"757","GTX-750","Fan2",0.0270384758497704,0.00981935259949236,0.363162208330458,"0.5","10",0.392467506088786,0.357558564173375,0.00924763428105276
"493","GTX-750","Fan2",0.024234222989309,0.00927008357605452,0.38252035479512,"0.5","10",0.392467506088786,0.357558564173375,0.00924763428105276
"4911","GTX-750","Fan2",0.0113148647249932,0.00414442446545482,0.366281397629108,"0.5","10",0.392467506088786,0.357558564173375,0.00924763428105276
"299","GTX-750","Fan2",0.0283643706023688,0.0108057638608311,0.380962581977006,"0.5","10",0.392467506088786,0.357558564173375,0.00924763428105276
"4451","GTX-750","Fan2",0.0201712620167663,0.00743479677780511,0.368583620183275,"0.5","10",0.392467506088786,0.357558564173375,0.00924763428105276
"927","GTX-750","Fan2",0.000698570796086524,0.000249890697586168,0.357717068887055,"0.5","10",0.392467506088786,0.357558564173375,0.00924763428105276
"195","GTX-750","Fan2",0.00661959657366456,0.00250139867622441,0.37787781300389,"0.5","10",0.392467506088786,0.357558564173375,0.00924763428105276
"8851","GTX-750","Fan2",0.0111632015459074,0.00405918121091068,0.363621600328344,"0.5","10",0.392467506088786,0.357558564173375,0.00924763428105276
"939","GTX-750","Fan2",0.0296798140808366,0.0114219620483785,0.384839406920454,"0.5","10",0.392467506088786,0.357558564173375,0.00924763428105276
"396","GTX-750","Fan2",0.0267670982690118,0.0101635159379349,0.379701820338933,"0.5","10",0.392467506088786,0.357558564173375,0.00924763428105276
"672","GTX-750","Fan2",0.0153497397021474,0.00564595163361806,0.367820675996753,"0.5","10",0.392467506088786,0.357558564173375,0.00924763428105276
"3971","GTX-750","Fan2",0.0266326774149756,0.00963044544515034,0.361602601762266,"0.5","10",0.392467506088786,0.357558564173375,0.00924763428105276
"3212","GTX-750","Fan2",0.0266499276199491,0.00963025716478215,0.361361475427547,"0.5","10",0.392467506088786,0.357558564173375,0.00924763428105276
"951","GTX-750","Fan2",0.0141620857908512,0.00545424972396774,0.385130397069845,"0.5","10",0.392467506088786,0.357558564173375,0.00924763428105276
"249","GTX-750","Fan2",0.0152703800388719,0.00554029001763812,0.362812844443615,"0.5","10",0.392467506088786,0.357558564173375,0.00924763428105276
"1011","GTX-750","Fan2",0.0182654161812721,0.00672268393264349,0.368055338346815,"0.5","10",0.392467506088786,0.357558564173375,0.00924763428105276
"750","GTX-750","Fan2",0.0152173720394865,0.00550010403959939,0.361435865885879,"0.5","10",0.392467506088786,0.357558564173375,0.00924763428105276
"689","GTX-750","Fan2",0.0067278438695112,0.00255288818361183,0.37945116342263,"0.5","10",0.392467506088786,0.357558564173375,0.00924763428105276
"732","GTX-750","Fan2",0.0245856770808279,0.00898435277638437,0.365430357961972,"0.5","10",0.392467506088786,0.357558564173375,0.00924763428105276
"7101","GTX-750","Fan2",0.0221129323363441,0.00808970209843412,0.365835791264018,"0.5","10",0.392467506088786,0.357558564173375,0.00924763428105276
"7541","GTX-750","Fan2",0.027045330491953,0.0104493903998,0.386365786985267,"0.5","10",0.392467506088786,0.357558564173375,0.00924763428105276
"466","GTX-750","Fan2",0.0134653160408922,0.00505763888769785,0.375604915052757,"0.5","10",0.392467506088786,0.357558564173375,0.00924763428105276
"878","GTX-750","Fan2",0.00434387108021902,0.00160007788568197,0.368352986571897,"0.5","10",0.392467506088786,0.357558564173375,0.00924763428105276
"7401","GTX-750","Fan2",0.0140386286493317,0.0052239394637006,0.372111806230394,"0.5","10",0.392467506088786,0.357558564173375,0.00924763428105276
"744","GTX-750","Fan2",0.0172455362523641,0.00624750127925647,0.362267730491711,"0.5","10",0.392467506088786,0.357558564173375,0.00924763428105276
"411","GTX-750","Fan2",0.00851217418302929,0.00320587272445581,0.376622077453179,"0.5","10",0.392467506088786,0.357558564173375,0.00924763428105276
"6981","GTX-750","Fan2",0.0229084214238718,0.00850151425098191,0.371108689406372,"0.5","10",0.392467506088786,0.357558564173375,0.00924763428105276
"841","GTX-750","Fan2",0.0187720088811595,0.00700072777030939,0.372934394748537,"0.5","10",0.392467506088786,0.357558564173375,0.00924763428105276
"1","GTX-750","Fan2",0.026310915208889,0.0102260580044913,0.388662192983562,"0.5","10",0.392467506088786,0.357558564173375,0.00924763428105276
"638","GTX-750","Fan2",0.0326508761071755,0.0128144079173971,0.392467506088786,"0.5","10",0.392467506088786,0.357558564173375,0.00924763428105276
"4771","GTX-750","Fan2",0.0206680501981859,0.00763506621986227,0.369413957613303,"0.5","10",0.392467506088786,0.357558564173375,0.00924763428105276
"933","GTX-750","Fan2",0.0245928263973735,0.00897684056737703,0.365018661227802,"0.5","10",0.392467506088786,0.357558564173375,0.00924763428105276
"974","GTX-750","Fan2",0.0245212917502805,0.0089131100984517,0.363484525579683,"0.5","10",0.392467506088786,0.357558564173375,0.00924763428105276
"765","GTX-750","Fan2",0.0219553243503753,0.00851321316739739,0.387751646550003,"0.5","10",0.392467506088786,0.357558564173375,0.00924763428105276
"785","GTX-750","Fan2",0.0151377063670995,0.00548512689921221,0.362348612543686,"0.5","10",0.392467506088786,0.357558564173375,0.00924763428105276
"264","GTX-750","Fan2",0.026877169475285,0.00979041440577938,0.364265084341645,"0.5","10",0.392467506088786,0.357558564173375,0.00924763428105276
"1762","GTX-750","Fan2",0.014398524506664,0.00550414923603272,0.382271755240286,"0.5","10",0.392467506088786,0.357558564173375,0.00924763428105276
"4641","GTX-750","Fan2",0.0181060857392912,0.00684085492601459,0.377820751791181,"0.5","10",0.392467506088786,0.357558564173375,0.00924763428105276
"262","GTX-750","Fan2",0.0166087318506332,0.00616981900202117,0.37148043917549,"0.5","10",0.392467506088786,0.357558564173375,0.00924763428105276
"990","GTX-750","Fan2",0.0305945198533063,0.0114785202852039,0.375182233296706,"0.5","10",0.392467506088786,0.357558564173375,0.00924763428105276
"969","GTX-750","Fan2",0.0160948576160211,0.00598885649607475,0.372097513314646,"0.5","10",0.392467506088786,0.357558564173375,0.00924763428105276
"114","GTX-750","Fan2",0.0285888058473316,0.0112156714116805,0.392309894704024,"0.5","10",0.392467506088786,0.357558564173375,0.00924763428105276
"6331","GTX-750","Fan2",0.0211022657000507,0.00812636753686545,0.385094551095807,"0.5","10",0.392467506088786,0.357558564173375,0.00924763428105276
"7961","GTX-750","Fan2",0.0221541284278039,0.00855040617370434,0.385950916623441,"0.5","10",0.392467506088786,0.357558564173375,0.00924763428105276
"2181","GTX-750","Fan2",0.00615207559344874,0.00229965412823831,0.373801344490496,"0.5","10",0.392467506088786,0.357558564173375,0.00924763428105276
"997","GTX-750","Fan2",0.0249420257226387,0.00974577525915806,0.390737118449536,"0.5","10",0.392467506088786,0.357558564173375,0.00924763428105276
"89","GTX-750","Fan2",0.02180475445864,0.00789829530906222,0.362228124331506,"0.5","10",0.392467506088786,0.357558564173375,0.00924763428105276
"871","GTX-750","Fan2",0.0272437820777481,0.00989449347755668,0.363183549527736,"0.5","10",0.392467506088786,0.357558564173375,0.00924763428105276
"5111","GTX-750","Fan2",0.0270795921750245,0.0103414675349766,0.381891553910274,"0.5","10",0.392467506088786,0.357558564173375,0.00924763428105276
"83","GTX-750","Fan2",0.0151022397954992,0.00580239012486539,0.384207256899379,"0.5","10",0.392467506088786,0.357558564173375,0.00924763428105276
"1842","GTX-750","Fan2",0.0175372253120354,0.00638738931221627,0.364218922809456,"0.5","10",0.392467506088786,0.357558564173375,0.00924763428105276
"9532","GTX-750","Fan2",0.0043207419370507,0.0015653536985861,0.362288172122262,"0.5","10",0.392467506088786,0.357558564173375,0.00924763428105276
"5032","GTX-750","Fan2",0.028842448788339,0.0109116900330643,0.378320513391215,"0.5","10",0.392467506088786,0.357558564173375,0.00924763428105276
"9491","GTX-750","Fan2",0.00758006007585622,0.00278583394457366,0.367521354276204,"0.5","10",0.392467506088786,0.357558564173375,0.00924763428105276
"731","GTX-750","Fan2",0.020544352861257,0.00776685146683898,0.3780528653928,"0.5","10",0.392467506088786,0.357558564173375,0.00924763428105276
"729","GTX-750","Fan2",0.0150089640065184,0.00574481157062413,0.382758701275395,"0.5","10",0.392467506088786,0.357558564173375,0.00924763428105276
"945","GTX-750","Fan2",0.0209029458509637,0.00811969653206369,0.388447474817974,"0.5","10",0.392467506088786,0.357558564173375,0.00924763428105276
"555","GTX-750","Fan2",0.0245928263973735,0.00895286866662613,0.364043909470376,"0.5","10",0.392467506088786,0.357558564173375,0.00924763428105276
"993","GTX-750","Fan2",0.0178720943653638,0.00670213924994287,0.375005811458317,"0.5","10",0.392467506088786,0.357558564173375,0.00924763428105276
"346","GTX-750","Fan2",0.0308310056237724,0.0118624066311782,0.384755748026319,"0.5","10",0.392467506088786,0.357558564173375,0.00924763428105276
"148","GTX-750","Fan2",0.0199365228560921,0.00741643717502049,0.372002541694688,"0.5","10",0.392467506088786,0.357558564173375,0.00924763428105276
"6081","GTX-750","Fan2",0.0240648665447015,0.00918352039506723,0.381615263812432,"0.5","10",0.392467506088786,0.357558564173375,0.00924763428105276
"3891","GTX-750","Fan2",0.00717807697904204,0.00259766886826277,0.361889246360443,"0.5","10",0.392467506088786,0.357558564173375,0.00924763428105276
"659","GTX-750","Fan2",0.00975377757617742,0.00370863098824789,0.380225093230117,"0.5","10",0.392467506088786,0.357558564173375,0.00924763428105276
"427","GTX-750","Fan2",0.00444347571886018,0.00164382530110916,0.369941326365755,"0.5","10",0.392467506088786,0.357558564173375,0.00924763428105276
"632","GTX-750","Fan2",0.0266706213434578,0.00963853065429595,0.361391305068348,"0.5","10",0.392467506088786,0.357558564173375,0.00924763428105276
"1251","GTX-750","Fan2",0.0137162872434189,0.0050910169876389,0.371165818948679,"0.5","10",0.392467506088786,0.357558564173375,0.00924763428105276
"158","GTX-750","Fan2",0.027271104451803,0.00990969998514271,0.363377288318352,"0.5","10",0.392467506088786,0.357558564173375,0.00924763428105276
"622","GTX-750","Fan2",0.0250910207913078,0.0093928648811211,0.374351643930527,"0.5","10",0.392467506088786,0.357558564173375,0.00924763428105276
"48","GTX-750","Fan2",0.00886907329360217,0.00328052997181495,0.369884187808145,"0.5","10",0.392467506088786,0.357558564173375,0.00924763428105276
"5621","GTX-750","Fan2",0.00955370186326969,0.00351107582845816,0.367509461641973,"0.5","10",0.392467506088786,0.357558564173375,0.00924763428105276
"549","GTX-750","Fan2",0.0278624077423723,0.0102176802095713,0.366719211923403,"0.5","10",0.392467506088786,0.357558564173375,0.00924763428105276
"545","GTX-750","Fan2",0.0220941956064442,0.00803679456489557,0.363751399148087,"0.5","10",0.392467506088786,0.357558564173375,0.00924763428105276
"227","GTX-750","Fan2",0.00747743830948002,0.0027357271629071,0.365864223772826,"0.5","10",0.392467506088786,0.357558564173375,0.00924763428105276
"719","GTX-750","Fan2",0.0158829322261102,0.00584763207767786,0.368170813451237,"0.5","10",0.392467506088786,0.357558564173375,0.00924763428105276
"520","GTX-750","Fan2",0.0317913945122811,0.0124496080428225,0.391603081079479,"0.5","10",0.392467506088786,0.357558564173375,0.00924763428105276
"872","GTX-750","Fan2",0.0179461321614866,0.00657653984830455,0.366460014287545,"0.5","10",0.392467506088786,0.357558564173375,0.00924763428105276
"2301","GTX-750","Fan2",0.00589891086114466,0.00214328358548339,0.363335475977593,"0.5","10",0.392467506088786,0.357558564173375,0.00924763428105276
"1131","GTX-750","Fan2",0.0136653293097895,0.00508936194550939,0.372428781636716,"0.5","10",0.392467506088786,0.357558564173375,0.00924763428105276
"365","GTX-750","Fan2",0.0258162295356791,0.00977617057715079,0.378683128906943,"0.5","10",0.392467506088786,0.357558564173375,0.00924763428105276
"9361","GTX-750","Fan2",0.0220041611511234,0.00798371739188364,0.36282761869684,"0.5","10",0.392467506088786,0.357558564173375,0.00924763428105276
"4371","GTX-750","Fan2",0.0190890716130263,0.0073342102248028,0.384209896294694,"0.5","10",0.392467506088786,0.357558564173375,0.00924763428105276
"28","GTX-750","Fan2",0.0295909530892588,0.0108032659827782,0.365086786836201,"0.5","10",0.392467506088786,0.357558564173375,0.00924763428105276
"873","GTX-750","Fan2",0.0187760371000599,0.00690776618210214,0.367903309164216,"0.5","10",0.392467506088786,0.357558564173375,0.00924763428105276
"292","GTX-750","Fan2",0.0064976789815091,0.00240471702199527,0.370088616079456,"0.5","10",0.392467506088786,0.357558564173375,0.00924763428105276
"2981","GTX-750","Fan2",0.0153629486461528,0.0056507734746492,0.367818288324765,"0.5","10",0.392467506088786,0.357558564173375,0.00924763428105276
"912","GTX-750","Fan2",0.0196097668424563,0.00713357037758829,0.363776399530855,"0.5","10",0.392467506088786,0.357558564173375,0.00924763428105276
"242","GTX-750","Fan2",0.0320111963914195,0.0121573743316288,0.379785065917984,"0.5","10",0.392467506088786,0.357558564173375,0.00924763428105276
"988","GTX-980","Fan2",0.00965667269863198,0.011755842144022,1.21738020029273,"0.5","10",1.36843081545631,1.09278703484699,0.0456373583250358
"742","GTX-980","Fan2",0.0113400543308115,0.0142835260715531,1.25956416564461,"0.5","10",1.36843081545631,1.09278703484699,0.0456373583250358
"5361","GTX-980","Fan2",0.0116304715044332,0.0136120021375809,1.17037405855751,"0.5","10",1.36843081545631,1.09278703484699,0.0456373583250358
"7","GTX-980","Fan2",0.00853502955801096,0.00986585071770115,1.15592461052945,"0.5","10",1.36843081545631,1.09278703484699,0.0456373583250358
"497","GTX-980","Fan2",0.0135538550706428,0.0171565426381054,1.26580537778259,"0.5","10",1.36843081545631,1.09278703484699,0.0456373583250358
"954","GTX-980","Fan2",0.00327377542216047,0.00388968981016039,1.18813580914278,"0.5","10",1.36843081545631,1.09278703484699,0.0456373583250358
"976","GTX-980","Fan2",0.00585175213205259,0.00753418897793354,1.28750993000293,"0.5","10",1.36843081545631,1.09278703484699,0.0456373583250358
"2861","GTX-980","Fan2",0.00756801896270498,0.00893012963190465,1.17998245986329,"0.5","10",1.36843081545631,1.09278703484699,0.0456373583250358
"5132","GTX-980","Fan2",0.0066578903888406,0.00818841175063196,1.229880828972,"0.5","10",1.36843081545631,1.09278703484699,0.0456373583250358
"674","GTX-980","Fan2",0.0136189308120195,0.0171448020027664,1.25889486035388,"0.5","10",1.36843081545631,1.09278703484699,0.0456373583250358
"3461","GTX-980","Fan2",0.00953739843925275,0.0112680134824044,1.18145567202362,"0.5","10",1.36843081545631,1.09278703484699,0.0456373583250358
"4661","GTX-980","Fan2",0.0116304715044332,0.0135823495233322,1.16782449603655,"0.5","10",1.36843081545631,1.09278703484699,0.0456373583250358
"1321","GTX-980","Fan2",0.0135352365969585,0.0174527291643583,1.28942919019828,"0.5","10",1.36843081545631,1.09278703484699,0.0456373583250358
"1132","GTX-980","Fan2",0.00777753527298346,0.00964934441407593,1.24066867913727,"0.5","10",1.36843081545631,1.09278703484699,0.0456373583250358
"5681","GTX-980","Fan2",0.00202484037106895,0.00221271930513891,1.09278703484699,"0.5","10",1.36843081545631,1.09278703484699,0.0456373583250358
"226","GTX-980","Fan2",0.0127187143769122,0.0148956338151837,1.17115876445997,"0.5","10",1.36843081545631,1.09278703484699,0.0456373583250358
"1381","GTX-980","Fan2",0.0127282849231509,0.0152366997948235,1.19707406668044,"0.5","10",1.36843081545631,1.09278703484699,0.0456373583250358
"553","GTX-980","Fan2",0.0127235000483969,0.0148048448927005,1.16358272773896,"0.5","10",1.36843081545631,1.09278703484699,0.0456373583250358
"963","GTX-980","Fan2",0.0127235000483969,0.0151620206575333,1.19165485910802,"0.5","10",1.36843081545631,1.09278703484699,0.0456373583250358
"143","GTX-980","Fan2",0.0050001602208455,0.00611106258894163,1.22217335425869,"0.5","10",1.36843081545631,1.09278703484699,0.0456373583250358
"3741","GTX-980","Fan2",0.0143667967797629,0.0181512521132503,1.26341677908455,"0.5","10",1.36843081545631,1.09278703484699,0.0456373583250358
"973","GTX-980","Fan2",0.0096620787295009,0.0117467286364181,1.21575583942948,"0.5","10",1.36843081545631,1.09278703484699,0.0456373583250358
"8711","GTX-980","Fan2",0.00954283428384929,0.011566934121554,1.2121067784998,"0.5","10",1.36843081545631,1.09278703484699,0.0456373583250358
"3291","GTX-980","Fan2",0.0089083344095952,0.0110106761203099,1.23599717007147,"0.5","10",1.36843081545631,1.09278703484699,0.0456373583250358
"467","GTX-980","Fan2",0.0127235000483969,0.014793056326375,1.16265620859874,"0.5","10",1.36843081545631,1.09278703484699,0.0456373583250358
"8202","GTX-980","Fan2",0.00681010340644282,0.00889179441655952,1.30567685773277,"0.5","10",1.36843081545631,1.09278703484699,0.0456373583250358
"854","GTX-980","Fan2",0.00202484037106895,0.00250683117850121,1.23803891621235,"0.5","10",1.36843081545631,1.09278703484699,0.0456373583250358
"496","GTX-980","Fan2",0.0048691561576092,0.00564225860588755,1.1587754475835,"0.5","10",1.36843081545631,1.09278703484699,0.0456373583250358
"9161","GTX-980","Fan2",0.0116304715044332,0.0137173202753045,1.1794294212471,"0.5","10",1.36843081545631,1.09278703484699,0.0456373583250358
"693","GTX-980","Fan2",0.00494212609566096,0.00625322456665513,1.26529037212249,"0.5","10",1.36843081545631,1.09278703484699,0.0456373583250358
"831","GTX-980","Fan2",0.0105731084370161,0.0124499349033788,1.17750943136004,"0.5","10",1.36843081545631,1.09278703484699,0.0456373583250358
"111","GTX-980","Fan2",0.00866025400104041,0.0105932966100368,1.22320853508039,"0.5","10",1.36843081545631,1.09278703484699,0.0456373583250358
"244","GTX-980","Fan2",0.00487647485536935,0.00611331461931469,1.25363398779417,"0.5","10",1.36843081545631,1.09278703484699,0.0456373583250358
"8852","GTX-980","Fan2",0.00031808809974265,0.000414853298267803,1.30420879813939,"0.5","10",1.36843081545631,1.09278703484699,0.0456373583250358
"499","GTX-980","Fan2",0.0127808661221932,0.0159152533990313,1.24524060004005,"0.5","10",1.36843081545631,1.09278703484699,0.0456373583250358
"1671","GTX-980","Fan2",0.00878468190438377,0.0111668205386655,1.27116959500753,"0.5","10",1.36843081545631,1.09278703484699,0.0456373583250358
"903","GTX-980","Fan2",0.00953739843925275,0.0110398628213453,1.15753398493964,"0.5","10",1.36843081545631,1.09278703484699,0.0456373583250358
"431","GTX-980","Fan2",0.0108519638982855,0.0128866739809412,1.18749694541254,"0.5","10",1.36843081545631,1.09278703484699,0.0456373583250358
"24","GTX-980","Fan2",0.00575012578766862,0.0071337541408684,1.24062575399081,"0.5","10",1.36843081545631,1.09278703484699,0.0456373583250358
"1351","GTX-980","Fan2",0.00435156868080217,0.00509910156205033,1.17178469101178,"0.5","10",1.36843081545631,1.09278703484699,0.0456373583250358
"906","GTX-980","Fan2",0.0131887169004846,0.0168099594686414,1.27457125628527,"0.5","10",1.36843081545631,1.09278703484699,0.0456373583250358
"7081","GTX-980","Fan2",0.0127187143769122,0.0150509811404202,1.18337283898298,"0.5","10",1.36843081545631,1.09278703484699,0.0456373583250358
"472","GTX-980","Fan2",0.00971067293450842,0.0118238972196749,1.21761872729302,"0.5","10",1.36843081545631,1.09278703484699,0.0456373583250358
"526","GTX-980","Fan2",0.00031808809974265,0.000412233231654917,1.29597187693735,"0.5","10",1.36843081545631,1.09278703484699,0.0456373583250358
"705","GTX-980","Fan2",0.00572970520197288,0.00677609568251823,1.18262553546124,"0.5","10",1.36843081545631,1.09278703484699,0.0456373583250358
"175","GTX-980","Fan2",0.0127330690017388,0.0156371044643196,1.22807034676277,"0.5","10",1.36843081545631,1.09278703484699,0.0456373583250358
"6391","GTX-980","Fan2",0.00494212609566096,0.0062751162675521,1.26971998408974,"0.5","10",1.36843081545631,1.09278703484699,0.0456373583250358
"6611","GTX-980","Fan2",0.00972145702385045,0.0118353064407102,1.21744162543471,"0.5","10",1.36843081545631,1.09278703484699,0.0456373583250358
"84","GTX-980","Fan2",0.00908684966641031,0.011547606097624,1.27080413141531,"0.5","10",1.36843081545631,1.09278703484699,0.0456373583250358
"106","GTX-980","Fan2",0.00962420832136469,0.0117185943947265,1.21761645253589,"0.5","10",1.36843081545631,1.09278703484699,0.0456373583250358
"11","GTX-980","Fan2",0.00573651563869785,0.00701359687192686,1.22262315901555,"0.5","10",1.36843081545631,1.09278703484699,0.0456373583250358
"103","GTX-980","Fan2",0.00854073916796044,0.0103401799886779,1.21068912014874,"0.5","10",1.36843081545631,1.09278703484699,0.0456373583250358
"983","GTX-980","Fan2",0.0117249103861796,0.0142643844803655,1.21658793206464,"0.5","10",1.36843081545631,1.09278703484699,0.0456373583250358
"398","GTX-980","Fan2",0.00684792117232085,0.00881844228510927,1.28775464308106,"0.5","10",1.36843081545631,1.09278703484699,0.0456373583250358
"812","GTX-980","Fan2",0.00468456786369404,0.00557275256840014,1.18959800146981,"0.5","10",1.36843081545631,1.09278703484699,0.0456373583250358
"551","GTX-980","Fan2",0.0105731084370161,0.0124560338773922,1.17808626967109,"0.5","10",1.36843081545631,1.09278703484699,0.0456373583250358
"2151","GTX-980","Fan2",0.00281397201041254,0.00337435200996537,1.19914199483124,"0.5","10",1.36843081545631,1.09278703484699,0.0456373583250358
"691","GTX-980","Fan2",0.00953739843925275,0.0111753585887939,1.17174076976798,"0.5","10",1.36843081545631,1.09278703484699,0.0456373583250358
"946","GTX-980","Fan2",0.00854073916796044,0.00993104377329095,1.16278504447789,"0.5","10",1.36843081545631,1.09278703484699,0.0456373583250358
"3892","GTX-980","Fan2",0.0130707379045281,0.0166035475783792,1.27028387376869,"0.5","10",1.36843081545631,1.09278703484699,0.0456373583250358
"853","GTX-980","Fan2",0.0106042520844991,0.0129246331593809,1.21881609908856,"0.5","10",1.36843081545631,1.09278703484699,0.0456373583250358
"4591","GTX-980","Fan2",0.00968908883150422,0.0118023899345549,1.21811143852652,"0.5","10",1.36843081545631,1.09278703484699,0.0456373583250358
"440","GTX-980","Fan2",0.00854073916796044,0.00998033138329877,1.16855592789191,"0.5","10",1.36843081545631,1.09278703484699,0.0456373583250358
"576","GTX-980","Fan2",0.00770598566304798,0.00949465392189421,1.23211414309052,"0.5","10",1.36843081545631,1.09278703484699,0.0456373583250358
"1811","GTX-980","Fan2",0.00575692551586257,0.00715366835783331,1.24261957847503,"0.5","10",1.36843081545631,1.09278703484699,0.0456373583250358
"4521","GTX-980","Fan2",0.0116304715044332,0.0139937052072551,1.20319328428956,"0.5","10",1.36843081545631,1.09278703484699,0.0456373583250358
"6232","GTX-980","Fan2",0.00202484037106895,0.00248749538845563,1.2284896251562,"0.5","10",1.36843081545631,1.09278703484699,0.0456373583250358
"3761","GTX-980","Fan2",0.0127760899743676,0.015841633023821,1.23994375866198,"0.5","10",1.36843081545631,1.09278703484699,0.0456373583250358
"457","GTX-980","Fan2",0.0127235000483969,0.015473679967467,1.21614963717602,"0.5","10",1.36843081545631,1.09278703484699,0.0456373583250358
"653","GTX-980","Fan2",0.00854073916796044,0.0103349186052165,1.21007308641232,"0.5","10",1.36843081545631,1.09278703484699,0.0456373583250358
"9371","GTX-980","Fan2",0.00509383575820393,0.0069705618203995,1.36843081545631,"0.5","10",1.36843081545631,1.09278703484699,0.0456373583250358
"5451","GTX-980","Fan2",0.0116304715044332,0.0134704621568019,1.1582043042423,"0.5","10",1.36843081545631,1.09278703484699,0.0456373583250358
"590","GTX-980","Fan2",0.00739245594625243,0.00887914910633075,1.20110950554017,"0.5","10",1.36843081545631,1.09278703484699,0.0456373583250358
"4752","GTX-980","Fan2",0.0127187143769122,0.0150469436345222,1.18305539291269,"0.5","10",1.36843081545631,1.09278703484699,0.0456373583250358
"274","GTX-980","Fan2",0.00954283428384929,0.0114361363143257,1.19840038862256,"0.5","10",1.36843081545631,1.09278703484699,0.0456373583250358
"488","GTX-980","Fan2",0.0127187143769122,0.0147099921374905,1.15656281771631,"0.5","10",1.36843081545631,1.09278703484699,0.0456373583250358
"146","GTX-980","Fan2",0.010116837436431,0.012724851598491,1.25778947012319,"0.5","10",1.36843081545631,1.09278703484699,0.0456373583250358
"19","GTX-980","Fan2",0.0109493259237099,0.013256817655056,1.2107428116967,"0.5","10",1.36843081545631,1.09278703484699,0.0456373583250358
"6891","GTX-980","Fan2",0.00789023059523614,0.0100838952073788,1.27802287723595,"0.5","10",1.36843081545631,1.09278703484699,0.0456373583250358
"351","GTX-980","Fan2",0.0105679138817756,0.0122131046609067,1.15567791311852,"0.5","10",1.36843081545631,1.09278703484699,0.0456373583250358
"587","GTX-980","Fan2",0.00854073916796044,0.0104223988173753,1.2203157844316,"0.5","10",1.36843081545631,1.09278703484699,0.0456373583250358
"550","GTX-980","Fan2",0.0107335845183925,0.0130180544832444,1.21283383579244,"0.5","10",1.36843081545631,1.09278703484699,0.0456373583250358
"129","GTX-980","Fan2",0.00953739843925275,0.0109985753914605,1.1532049815801,"0.5","10",1.36843081545631,1.09278703484699,0.0456373583250358
"361","GTX-980","Fan2",0.00572970520197288,0.00681781275309557,1.18990637611653,"0.5","10",1.36843081545631,1.09278703484699,0.0456373583250358
"968","GTX-980","Fan2",0.0127187143769122,0.0146592053887764,1.15256974520843,"0.5","10",1.36843081545631,1.09278703484699,0.0456373583250358
"4931","GTX-980","Fan2",0.0149466373721853,0.01787517254746,1.19593271063928,"0.5","10",1.36843081545631,1.09278703484699,0.0456373583250358
"369","GTX-980","Fan2",0.00586524317215361,0.00741471365065814,1.26417838664575,"0.5","10",1.36843081545631,1.09278703484699,0.0456373583250358
"322","GTX-980","Fan2",0.0048691561576092,0.00578119412466647,1.18730924569589,"0.5","10",1.36843081545631,1.09278703484699,0.0456373583250358
"12","GTX-980","Fan2",0.0105679138817756,0.0122635767386922,1.160453886726,"0.5","10",1.36843081545631,1.09278703484699,0.0456373583250358
"283","GTX-980","Fan2",0.00668336550195264,0.00827083450282204,1.23752539052452,"0.5","10",1.36843081545631,1.09278703484699,0.0456373583250358
"6131","GTX-980","Fan2",0.00663237205039029,0.00789745876883682,1.19074423280764,"0.5","10",1.36843081545631,1.09278703484699,0.0456373583250358
"471","GTX-980","Fan2",0.0105679138817756,0.0122998142361839,1.16388289815599,"0.5","10",1.36843081545631,1.09278703484699,0.0456373583250358
"282","GTX-980","Fan2",0.00563397890073188,0.00723331286426517,1.28387290611357,"0.5","10",1.36843081545631,1.09278703484699,0.0456373583250358
"838","GTX-980","Fan2",0.0103749115541828,0.0130785738928724,1.2605961819115,"0.5","10",1.36843081545631,1.09278703484699,0.0456373583250358
"4021","GTX-980","Fan2",0.0105679138817756,0.0123213315627816,1.16591899788564,"0.5","10",1.36843081545631,1.09278703484699,0.0456373583250358
"156","GTX-980","Fan2",0.00953739843925275,0.0111451017701694,1.16856833036354,"0.5","10",1.36843081545631,1.09278703484699,0.0456373583250358
"414","GTX-980","Fan2",0.0127282849231509,0.0153391200931742,1.20512073588757,"0.5","10",1.36843081545631,1.09278703484699,0.0456373583250358
"460","GTX-980","Fan2",0.0111429109637462,0.0141519795435743,1.27004331180768,"0.5","10",1.36843081545631,1.09278703484699,0.0456373583250358
"105","GTX-980","Fan2",0.00663237205039029,0.00788382527112803,1.18868863375421,"0.5","10",1.36843081545631,1.09278703484699,0.0456373583250358
"33","GTX-980","Fan2",0.00953739843925275,0.0112525698916452,1.17983640542198,"0.5","10",1.36843081545631,1.09278703484699,0.0456373583250358
"502","GTX-970","Fan2",0.00663704515182611,0.00515074894473161,0.776060555097239,"0.5","10",0.918845223812721,0.670125553662504,0.0347378990907949
"366","GTX-970","Fan2",0.00907464333972677,0.00653170242832238,0.71977511223257,"0.5","10",0.918845223812721,0.670125553662504,0.0347378990907949
"727","GTX-970","Fan2",0.0121668151506225,0.0090062442658573,0.740230220839387,"0.5","10",0.918845223812721,0.670125553662504,0.0347378990907949
"145","GTX-970","Fan2",0.00453018070016785,0.00357090891016755,0.78824866964694,"0.5","10",0.918845223812721,0.670125553662504,0.0347378990907949
"170","GTX-970","Fan2",0.0135163086091436,0.00990622501705335,0.732909058494857,"0.5","10",0.918845223812721,0.670125553662504,0.0347378990907949
"367","GTX-970","Fan2",0.00724111282857676,0.00533456848433517,0.736705615645499,"0.5","10",0.918845223812721,0.670125553662504,0.0347378990907949
"1511","GTX-970","Fan2",0.00707319662520166,0.00554341389907204,0.78372116495687,"0.5","10",0.918845223812721,0.670125553662504,0.0347378990907949
"1481","GTX-970","Fan2",0.00291551604382083,0.00228639470654011,0.784216129211813,"0.5","10",0.918845223812721,0.670125553662504,0.0347378990907949
"518","GTX-970","Fan2",0.0157969416212311,0.0121598283181084,0.769758388026551,"0.5","10",0.918845223812721,0.670125553662504,0.0347378990907949
"13","GTX-970","Fan2",0.0102826459007009,0.00798726696376123,0.776771566471702,"0.5","10",0.918845223812721,0.670125553662504,0.0347378990907949
"697","GTX-970","Fan2",0.0101286718669271,0.00759241278377955,0.749596085600407,"0.5","10",0.918845223812721,0.670125553662504,0.0347378990907949
"9","GTX-970","Fan2",0.0112275870945434,0.00881748621110009,0.785341154501965,"0.5","10",0.918845223812721,0.670125553662504,0.0347378990907949
"3351","GTX-970","Fan2",0.0112888581316902,0.00850620602525352,0.753504555201626,"0.5","10",0.918845223812721,0.670125553662504,0.0347378990907949
"2831","GTX-970","Fan2",0.00548433425699433,0.00402699677469905,0.734272673034709,"0.5","10",0.918845223812721,0.670125553662504,0.0347378990907949
"9861","GTX-970","Fan2",0.00320980277792514,0.00247846319087551,0.772154354130637,"0.5","10",0.918845223812721,0.670125553662504,0.0347378990907949
"4652","GTX-970","Fan2",0.0121663465713406,0.00886874808439718,0.728957377006561,"0.5","10",0.918845223812721,0.670125553662504,0.0347378990907949
"2321","GTX-970","Fan2",0.00206354369563968,0.00180122132823843,0.872877725848233,"0.5","10",0.918845223812721,0.670125553662504,0.0347378990907949
"7801","GTX-970","Fan2",0.0101425529731629,0.00776650192668539,0.765734420834233,"0.5","10",0.918845223812721,0.670125553662504,0.0347378990907949
"1672","GTX-970","Fan2",0.0102034236939963,0.00796287132360984,0.780411709090858,"0.5","10",0.918845223812721,0.670125553662504,0.0347378990907949
"886","GTX-970","Fan2",0.0112421491219748,0.00854793518577096,0.760347073591336,"0.5","10",0.918845223812721,0.670125553662504,0.0347378990907949
"357","GTX-970","Fan2",0.00929787540624409,0.00701510327246729,0.75448454253928,"0.5","10",0.918845223812721,0.670125553662504,0.0347378990907949
"4991","GTX-970","Fan2",0.0106752897642581,0.00833890624567746,0.781140974139823,"0.5","10",0.918845223812721,0.670125553662504,0.0347378990907949
"595","GTX-970","Fan2",0.00634432334960908,0.00469865013672607,0.740606976946657,"0.5","10",0.918845223812721,0.670125553662504,0.0347378990907949
"9631","GTX-970","Fan2",0.00134727665270686,0.000909263821666865,0.674890208955994,"0.5","10",0.918845223812721,0.670125553662504,0.0347378990907949
"935","GTX-970","Fan2",0.0095737002083795,0.00751418704708512,0.784878039162772,"0.5","10",0.918845223812721,0.670125553662504,0.0347378990907949
"58","GTX-970","Fan2",0.00300226304814596,0.00254074589371025,0.846276909439792,"0.5","10",0.918845223812721,0.670125553662504,0.0347378990907949
"1801","GTX-970","Fan2",0.00912473362659573,0.00673250398299241,0.737830194118684,"0.5","10",0.918845223812721,0.670125553662504,0.0347378990907949
"31","GTX-970","Fan2",0.00389946246199592,0.00299947570085143,0.769202352909986,"0.5","10",0.918845223812721,0.670125553662504,0.0347378990907949
"7571","GTX-970","Fan2",0.00797039014569128,0.00622470254603029,0.78097840033531,"0.5","10",0.918845223812721,0.670125553662504,0.0347378990907949
"843","GTX-970","Fan2",0.0104252388513315,0.00818770299997188,0.785373181059175,"0.5","10",0.918845223812721,0.670125553662504,0.0347378990907949
"864","GTX-970","Fan2",0.0101112172458454,0.00737717795047101,0.729603347559587,"0.5","10",0.918845223812721,0.670125553662504,0.0347378990907949
"5521","GTX-970","Fan2",0.0132836003516252,0.0102538979549975,0.771921593812703,"0.5","10",0.918845223812721,0.670125553662504,0.0347378990907949
"4971","GTX-970","Fan2",0.000370151429444534,0.000310144882077814,0.837886490248684,"0.5","10",0.918845223812721,0.670125553662504,0.0347378990907949
"996","GTX-970","Fan2",0.00816690820511466,0.00596938375779664,0.730923332046051,"0.5","10",0.918845223812721,0.670125553662504,0.0347378990907949
"4052","GTX-970","Fan2",0.0111278549308058,0.00812722340014915,0.730349510367013,"0.5","10",0.918845223812721,0.670125553662504,0.0347378990907949
"4331","GTX-970","Fan2",0.0101173194053807,0.00754155257144139,0.745410149592646,"0.5","10",0.918845223812721,0.670125553662504,0.0347378990907949
"4361","GTX-970","Fan2",0.00924590356116292,0.00718108045749761,0.776676980242523,"0.5","10",0.918845223812721,0.670125553662504,0.0347378990907949
"6671","GTX-970","Fan2",0.010408675549062,0.00786086530222994,0.755222435859125,"0.5","10",0.918845223812721,0.670125553662504,0.0347378990907949
"6941","GTX-970","Fan2",0.00631429216423053,0.00514391732890937,0.814646708628538,"0.5","10",0.918845223812721,0.670125553662504,0.0347378990907949
"5691","GTX-970","Fan2",0.00671670476226876,0.00518827020755207,0.772442796160597,"0.5","10",0.918845223812721,0.670125553662504,0.0347378990907949
"8951","GTX-970","Fan2",0.0107450255211309,0.00840169025438131,0.781914406611574,"0.5","10",0.918845223812721,0.670125553662504,0.0347378990907949
"686","GTX-970","Fan2",0.000777961745763124,0.00055477809870462,0.713117453044459,"0.5","10",0.918845223812721,0.670125553662504,0.0347378990907949
"206","GTX-970","Fan2",0.00387280679294977,0.00291371019247808,0.752351033308021,"0.5","10",0.918845223812721,0.670125553662504,0.0347378990907949
"561","GTX-970","Fan2",0.0114438614991513,0.00898769624818484,0.785372686383123,"0.5","10",0.918845223812721,0.670125553662504,0.0347378990907949
"1051","GTX-970","Fan2",0.00908513333011259,0.00695669090036492,0.765722488332343,"0.5","10",0.918845223812721,0.670125553662504,0.0347378990907949
"9221","GTX-970","Fan2",0.0121661903764712,0.00888893935309367,0.73062635698061,"0.5","10",0.918845223812721,0.670125553662504,0.0347378990907949
"5551","GTX-970","Fan2",0.014960399177972,0.0115996516665884,0.775357096331227,"0.5","10",0.918845223812721,0.670125553662504,0.0347378990907949
"205","GTX-970","Fan2",0.00816616284539763,0.00638968718785177,0.782458947834103,"0.5","10",0.918845223812721,0.670125553662504,0.0347378990907949
"1831","GTX-970","Fan2",0.00468622107192854,0.00353978272033189,0.75535973783566,"0.5","10",0.918845223812721,0.670125553662504,0.0347378990907949
"301","GTX-970","Fan2",0.00573409834365245,0.00451912757392681,0.788114765929924,"0.5","10",0.918845223812721,0.670125553662504,0.0347378990907949
"2891","GTX-970","Fan2",0.00386165126740505,0.00298556706893299,0.773132233387616,"0.5","10",0.918845223812721,0.670125553662504,0.0347378990907949
"801","GTX-970","Fan2",0.00657810315318005,0.00504294544407882,0.766626081508148,"0.5","10",0.918845223812721,0.670125553662504,0.0347378990907949
"2211","GTX-970","Fan2",0.00891413294306012,0.00680775846110684,0.76370394121246,"0.5","10",0.918845223812721,0.670125553662504,0.0347378990907949
"2","GTX-970","Fan2",0.0136071251595499,0.0106451761758208,0.782323676088898,"0.5","10",0.918845223812721,0.670125553662504,0.0347378990907949
"657","GTX-970","Fan2",0.00658076875852815,0.00504244375008995,0.766239315665871,"0.5","10",0.918845223812721,0.670125553662504,0.0347378990907949
"280","GTX-970","Fan2",0.00731249430448014,0.0055364050567041,0.757115811127828,"0.5","10",0.918845223812721,0.670125553662504,0.0347378990907949
"133","GTX-970","Fan2",0.00483905435074886,0.00382319442132687,0.790070568381862,"0.5","10",0.918845223812721,0.670125553662504,0.0347378990907949
"1281","GTX-970","Fan2",0.0038727986909045,0.00292410926373056,0.755037763929739,"0.5","10",0.918845223812721,0.670125553662504,0.0347378990907949
"531","GTX-970","Fan2",0.00684175689575289,0.00498652932792654,0.728837549171323,"0.5","10",0.918845223812721,0.670125553662504,0.0347378990907949
"9281","GTX-970","Fan2",0.000316322072231519,0.000238395592431564,0.753648301396686,"0.5","10",0.918845223812721,0.670125553662504,0.0347378990907949
"781","GTX-970","Fan2",0.00181161729626305,0.00166459590004782,0.918845223812721,"0.5","10",0.918845223812721,0.670125553662504,0.0347378990907949
"640","GTX-970","Fan2",0.0101176583664661,0.00755211151095272,0.746428791861895,"0.5","10",0.918845223812721,0.670125553662504,0.0347378990907949
"875","GTX-970","Fan2",0.0121928868137039,0.00912369730525893,0.748280324804177,"0.5","10",0.918845223812721,0.670125553662504,0.0347378990907949
"1181","GTX-970","Fan2",0.00134686286249528,0.000902567221437115,0.670125553662504,"0.5","10",0.918845223812721,0.670125553662504,0.0347378990907949
"3441","GTX-970","Fan2",0.0132502246777754,0.0103630700920714,0.782105235502412,"0.5","10",0.918845223812721,0.670125553662504,0.0347378990907949
"617","GTX-970","Fan2",0.0104325913553264,0.00811182247754341,0.777546268348939,"0.5","10",0.918845223812721,0.670125553662504,0.0347378990907949
"6211","GTX-970","Fan2",0.0115172647688672,0.00867103424997948,0.752872702329336,"0.5","10",0.918845223812721,0.670125553662504,0.0347378990907949
"1411","GTX-970","Fan2",0.00661149765925006,0.00493593636169896,0.746568571312003,"0.5","10",0.918845223812721,0.670125553662504,0.0347378990907949
"797","GTX-970","Fan2",0.0101696294728958,0.00764725731291517,0.75197010208648,"0.5","10",0.918845223812721,0.670125553662504,0.0347378990907949
"5602","GTX-970","Fan2",0.0115052596085396,0.00887906875795498,0.771739974590807,"0.5","10",0.918845223812721,0.670125553662504,0.0347378990907949
"625","GTX-970","Fan2",0.0111311095436805,0.00830733746055177,0.74631710594099,"0.5","10",0.918845223812721,0.670125553662504,0.0347378990907949
"998","GTX-970","Fan2",0.00473163562825748,0.00368692774074944,0.779207874488686,"0.5","10",0.918845223812721,0.670125553662504,0.0347378990907949
"67","GTX-970","Fan2",0.00377581994604948,0.00290815689565782,0.770205395704987,"0.5","10",0.918845223812721,0.670125553662504,0.0347378990907949
"373","GTX-970","Fan2",0.0130466359863511,0.0100991925960867,0.774084032592933,"0.5","10",0.918845223812721,0.670125553662504,0.0347378990907949
"3893","GTX-970","Fan2",0.00333993348236303,0.0026412746868426,0.790816553919475,"0.5","10",0.918845223812721,0.670125553662504,0.0347378990907949
"9031","GTX-970","Fan2",0.00313020430592192,0.0023490293782067,0.750439635445731,"0.5","10",0.918845223812721,0.670125553662504,0.0347378990907949
"2441","GTX-970","Fan2",0.00243400667059818,0.00183733609971689,0.754860749525122,"0.5","10",0.918845223812721,0.670125553662504,0.0347378990907949
"7441","GTX-970","Fan2",0.012210826012779,0.00918050701218751,0.751833414265331,"0.5","10",0.918845223812721,0.670125553662504,0.0347378990907949
"4912","GTX-970","Fan2",0.00181088004024753,0.00163153778018111,0.900964030703047,"0.5","10",0.918845223812721,0.670125553662504,0.0347378990907949
"4101","GTX-970","Fan2",0.0121408653003237,0.00948542892111978,0.781281126714,"0.5","10",0.918845223812721,0.670125553662504,0.0347378990907949
"9511","GTX-970","Fan2",0.00726585691354592,0.00548889379810431,0.75543653878887,"0.5","10",0.918845223812721,0.670125553662504,0.0347378990907949
"313","GTX-970","Fan2",0.00927656498643884,0.0072708137329322,0.783782978242615,"0.5","10",0.918845223812721,0.670125553662504,0.0347378990907949
"432","GTX-970","Fan2",0.0121668151506225,0.00900160896748014,0.739849242060653,"0.5","10",0.918845223812721,0.670125553662504,0.0347378990907949
"458","GTX-970","Fan2",0.0150293110683014,0.0116138357147155,0.772745714153889,"0.5","10",0.918845223812721,0.670125553662504,0.0347378990907949
"7741","GTX-970","Fan2",0.0115185449922925,0.00891531385236639,0.773996529798858,"0.5","10",0.918845223812721,0.670125553662504,0.0347378990907949
"840","GTX-970","Fan2",0.00923531831617546,0.00694757346244815,0.752283053447072,"0.5","10",0.918845223812721,0.670125553662504,0.0347378990907949
"194","GTX-970","Fan2",0.00465926087377626,0.00347604069968133,0.746049812159165,"0.5","10",0.918845223812721,0.670125553662504,0.0347378990907949
"5452","GTX-970","Fan2",0.00134686286249528,0.00104997280611198,0.7795692014009,"0.5","10",0.918845223812721,0.670125553662504,0.0347378990907949
"909","GTX-970","Fan2",0.0115161445216899,0.00891709796726292,0.774312787623337,"0.5","10",0.918845223812721,0.670125553662504,0.0347378990907949
"442","GTX-970","Fan2",0.00937058294903148,0.00732468280989456,0.781667784142674,"0.5","10",0.918845223812721,0.670125553662504,0.0347378990907949
"5201","GTX-970","Fan2",0.00912473362659573,0.0067196604375141,0.736422641196715,"0.5","10",0.918845223812721,0.670125553662504,0.0347378990907949
"5622","GTX-970","Fan2",0.00670673928178611,0.00520544775560128,0.776151798495883,"0.5","10",0.918845223812721,0.670125553662504,0.0347378990907949
"8691","GTX-970","Fan2",0.00816616284539763,0.00606453008493895,0.742641335931338,"0.5","10",0.918845223812721,0.670125553662504,0.0347378990907949
"8701","GTX-970","Fan2",0.0049340209411569,0.00391426956428962,0.793322446534211,"0.5","10",0.918845223812721,0.670125553662504,0.0347378990907949
"591","GTX-970","Fan2",0.00338822362724271,0.00262002650506952,0.773274374218819,"0.5","10",0.918845223812721,0.670125553662504,0.0347378990907949
"3213","GTX-970","Fan2",0.00692014823473584,0.00545655535473406,0.788502669255662,"0.5","10",0.918845223812721,0.670125553662504,0.0347378990907949
"435","GTX-970","Fan2",0.0164192243142148,0.0128112335041462,0.780258144902434,"0.5","10",0.918845223812721,0.670125553662504,0.0347378990907949
"489","GTX-970","Fan2",0.00977853534268691,0.00736315416171257,0.752991516998429,"0.5","10",0.918845223812721,0.670125553662504,0.0347378990907949
"9241","GTX-970","Fan2",0.00745744541343984,0.00566112827099991,0.759124332415145,"0.5","10",0.918845223812721,0.670125553662504,0.0347378990907949
"8531","GTX-970","Fan2",0.0061261553879406,0.00479277576105636,0.782346424070632,"0.5","10",0.918845223812721,0.670125553662504,0.0347378990907949
"5291","GTX-680","Fan2",0.0180270405666554,0.00898651451054424,0.498501929771357,"0.5","5",0.707149778563895,0.208761408773169,0.160722439253145
"5811","GTX-680","Fan2",0.0367940964080845,0.0101593756419116,0.276114285542811,"0.5","5",0.707149778563895,0.208761408773169,0.160722439253145
"3201","GTX-680","Fan2",0.0232851273574918,0.00763586301756632,0.327928763297468,"0.5","5",0.707149778563895,0.208761408773169,0.160722439253145
"8662","GTX-680","Fan2",0.0176172081998108,0.0103078722541809,0.585102482599461,"0.5","5",0.707149778563895,0.208761408773169,0.160722439253145
"9942","GTX-680","Fan2",0.00924555631796082,0.00488782132424405,0.528667086776461,"0.5","5",0.707149778563895,0.208761408773169,0.160722439253145
"8841","GTX-680","Fan2",0.0046890800660111,0.00310092054883557,0.661306803292326,"0.5","5",0.707149778563895,0.208761408773169,0.160722439253145
"9591","GTX-680","Fan2",0.0183021177056181,0.0118841665105345,0.649332864190161,"0.5","5",0.707149778563895,0.208761408773169,0.160722439253145
"2022","GTX-680","Fan2",0.00640919674841119,0.00443463905283555,0.691918071314456,"0.5","5",0.707149778563895,0.208761408773169,0.160722439253145
"3371","GTX-680","Fan2",0.01559712515812,0.00972515672818205,0.623522388234415,"0.5","5",0.707149778563895,0.208761408773169,0.160722439253145
"3752","GTX-680","Fan2",0.0206124000129534,0.00931126692717618,0.451731332660181,"0.5","5",0.707149778563895,0.208761408773169,0.160722439253145
"9362","GTX-680","Fan2",0.0231833182617953,0.00902804596470514,0.389419920943017,"0.5","5",0.707149778563895,0.208761408773169,0.160722439253145
"7121","GTX-680","Fan2",0.0374911147943399,0.0126337210559205,0.336979071580656,"0.5","5",0.707149778563895,0.208761408773169,0.160722439253145
"8831","GTX-680","Fan2",0.0505878384564905,0.0149178298065538,0.294889646636796,"0.5","5",0.707149778563895,0.208761408773169,0.160722439253145
"641","GTX-680","Fan2",0.0273780097583978,0.00769607901868433,0.281104400451302,"0.5","5",0.707149778563895,0.208761408773169,0.160722439253145
"4191","GTX-680","Fan2",0.0060499768239569,0.00403701663435674,0.667278032929122,"0.5","5",0.707149778563895,0.208761408773169,0.160722439253145
"8801","GTX-680","Fan2",0.0112008683014142,0.00771472526417025,0.688761358188293,"0.5","5",0.707149778563895,0.208761408773169,0.160722439253145
"3532","GTX-680","Fan2",0.0530829135421723,0.015140988739701,0.285232812770763,"0.5","5",0.707149778563895,0.208761408773169,0.160722439253145
"7231","GTX-680","Fan2",0.0283239291083054,0.00776049239364365,0.273990672832466,"0.5","5",0.707149778563895,0.208761408773169,0.160722439253145
"8351","GTX-680","Fan2",0.0319056955195562,0.0119764849108258,0.375371378551675,"0.5","5",0.707149778563895,0.208761408773169,0.160722439253145
"7551","GTX-680","Fan2",0.0166878439213195,0.00998460938238862,0.598316321117601,"0.5","5",0.707149778563895,0.208761408773169,0.160722439253145
"8151","GTX-680","Fan2",0.00873570581350606,0.00479060430053219,0.548393501659082,"0.5","5",0.707149778563895,0.208761408773169,0.160722439253145
"2762","GTX-680","Fan2",0.00940719595797136,0.00581425627655287,0.61806475622803,"0.5","5",0.707149778563895,0.208761408773169,0.160722439253145
"1551","GTX-680","Fan2",0.0122494629109718,0.00529010351138347,0.431864119254172,"0.5","5",0.707149778563895,0.208761408773169,0.160722439253145
"3831","GTX-680","Fan2",0.0413743125055379,0.0141542423936073,0.34210217732833,"0.5","5",0.707149778563895,0.208761408773169,0.160722439253145
"5241","GTX-680","Fan2",0.0524430042867509,0.0157201372547395,0.29975661136391,"0.5","5",0.707149778563895,0.208761408773169,0.160722439253145
"9342","GTX-680","Fan2",0.0505228851447077,0.0149383784691929,0.295675483029252,"0.5","5",0.707149778563895,0.208761408773169,0.160722439253145
"6621","GTX-680","Fan2",0.0215328416007813,0.012432703730885,0.577383327355825,"0.5","5",0.707149778563895,0.208761408773169,0.160722439253145
"3791","GTX-680","Fan2",0.0536384631225782,0.0111976411258971,0.208761408773169,"0.5","5",0.707149778563895,0.208761408773169,0.160722439253145
"2212","GTX-680","Fan2",0.0197236155541857,0.00921116260195469,0.467011870954862,"0.5","5",0.707149778563895,0.208761408773169,0.160722439253145
"9251","GTX-680","Fan2",0.011322252887643,0.00383332823803365,0.338565855759793,"0.5","5",0.707149778563895,0.208761408773169,0.160722439253145
"5133","GTX-680","Fan2",0.0211305932259437,0.00744483648074232,0.352325010525577,"0.5","5",0.707149778563895,0.208761408773169,0.160722439253145
"3681","GTX-680","Fan2",0.0132705222677262,0.00892277749558452,0.672375760016968,"0.5","5",0.707149778563895,0.208761408773169,0.160722439253145
"9481","GTX-680","Fan2",0.0557138922382845,0.0139052019074281,0.249582309703952,"0.5","5",0.707149778563895,0.208761408773169,0.160722439253145
"952","GTX-680","Fan2",0.0212030830192869,0.00884326154145376,0.41707432515402,"0.5","5",0.707149778563895,0.208761408773169,0.160722439253145
"5942","GTX-680","Fan2",0.00997996430367029,0.00684510411221188,0.685884628835243,"0.5","5",0.707149778563895,0.208761408773169,0.160722439253145
"5571","GTX-680","Fan2",0.0142058623262171,0.00827355175965783,0.582404050501663,"0.5","5",0.707149778563895,0.208761408773169,0.160722439253145
"9812","GTX-680","Fan2",0.0377748694816327,0.00867678200210366,0.229697206665997,"0.5","5",0.707149778563895,0.208761408773169,0.160722439253145
"3352","GTX-680","Fan2",0.0195244156026114,0.0121302868533721,0.621288088732841,"0.5","5",0.707149778563895,0.208761408773169,0.160722439253145
"8552","GTX-680","Fan2",0.0126228759771259,0.00533557973431664,0.422691290319681,"0.5","5",0.707149778563895,0.208761408773169,0.160722439253145
"5362","GTX-680","Fan2",0.00783122031333442,0.00531844825982537,0.679134036207551,"0.5","5",0.707149778563895,0.208761408773169,0.160722439253145
"9421","GTX-680","Fan2",0.0166302235369993,0.0108253742217256,0.65094580344281,"0.5","5",0.707149778563895,0.208761408773169,0.160722439253145
"1501","GTX-680","Fan2",0.00458518957186303,0.00218677477593593,0.476921344616819,"0.5","5",0.707149778563895,0.208761408773169,0.160722439253145
"6942","GTX-680","Fan2",0.00251463315962176,0.0014171808770933,0.563573605824265,"0.5","5",0.707149778563895,0.208761408773169,0.160722439253145
"9222","GTX-680","Fan2",0.0308832769332464,0.0128738450739716,0.416854892108703,"0.5","5",0.707149778563895,0.208761408773169,0.160722439253145
"1641","GTX-680","Fan2",0.0181230041107535,0.011828127321689,0.652658204423769,"0.5","5",0.707149778563895,0.208761408773169,0.160722439253145
"5852","GTX-680","Fan2",0.0478108975597526,0.0108809091954129,0.227582198845238,"0.5","5",0.707149778563895,0.208761408773169,0.160722439253145
"5462","GTX-680","Fan2",0.00621202947638931,0.00326594988633944,0.525746038191329,"0.5","5",0.707149778563895,0.208761408773169,0.160722439253145
"2841","GTX-680","Fan2",0.0188356623862509,0.0119972133409751,0.636941409065204,"0.5","5",0.707149778563895,0.208761408773169,0.160722439253145
"1421","GTX-680","Fan2",0.033700486973789,0.0121503911531066,0.360540521641624,"0.5","5",0.707149778563895,0.208761408773169,0.160722439253145
"8331","GTX-680","Fan2",0.0135773726345844,0.00904535987785194,0.666208413166146,"0.5","5",0.707149778563895,0.208761408773169,0.160722439253145
"5742","GTX-680","Fan2",0.0173651657987765,0.0115714045401794,0.666357273766693,"0.5","5",0.707149778563895,0.208761408773169,0.160722439253145
"2521","GTX-680","Fan2",0.0313202685224617,0.0137699511718773,0.439649844061905,"0.5","5",0.707149778563895,0.208761408773169,0.160722439253145
"1802","GTX-680","Fan2",0.0137595449215507,0.00545985655437049,0.396805024112322,"0.5","5",0.707149778563895,0.208761408773169,0.160722439253145
"291","GTX-680","Fan2",0.0693012438103699,0.0169992877219073,0.24529556451285,"0.5","5",0.707149778563895,0.208761408773169,0.160722439253145
"3742","GTX-680","Fan2",0.0172830105095799,0.00713587444725969,0.412883764857072,"0.5","5",0.707149778563895,0.208761408773169,0.160722439253145
"1391","GTX-680","Fan2",0.0216558064845956,0.00618593599644494,0.285647916222616,"0.5","5",0.707149778563895,0.208761408773169,0.160722439253145
"6751","GTX-680","Fan2",0.0399126680217288,0.0140299621754648,0.351516520214253,"0.5","5",0.707149778563895,0.208761408773169,0.160722439253145
"387","GTX-680","Fan2",0.0232967271160801,0.0073347049975905,0.314838430353071,"0.5","5",0.707149778563895,0.208761408773169,0.160722439253145
"8692","GTX-680","Fan2",0.0286680256270531,0.00944513956112725,0.329465994066022,"0.5","5",0.707149778563895,0.208761408773169,0.160722439253145
"6191","GTX-680","Fan2",0.00513532664566637,0.00169307438878045,0.329691664348013,"0.5","5",0.707149778563895,0.208761408773169,0.160722439253145
"2962","GTX-680","Fan2",0.00871635515663904,0.00254984399728181,0.292535578399379,"0.5","5",0.707149778563895,0.208761408773169,0.160722439253145
"3141","GTX-680","Fan2",0.0153082484970088,0.0104938477798955,0.68550283737202,"0.5","5",0.707149778563895,0.208761408773169,0.160722439253145
"5152","GTX-680","Fan2",0.021759882398006,0.00749984996488187,0.344664085389042,"0.5","5",0.707149778563895,0.208761408773169,0.160722439253145
"1133","GTX-680","Fan2",0.0176134998244593,0.0110364957645393,0.626593003919262,"0.5","5",0.707149778563895,0.208761408773169,0.160722439253145
"4913","GTX-680","Fan2",0.0431964765002421,0.0149139209444609,0.345257811580474,"0.5","5",0.707149778563895,0.208761408773169,0.160722439253145
"8702","GTX-680","Fan2",0.0469499263365232,0.015216804289436,0.324107096151044,"0.5","5",0.707149778563895,0.208761408773169,0.160722439253145
"3894","GTX-680","Fan2",0.00112004200301453,0.000712340284689419,0.635994259833287,"0.5","5",0.707149778563895,0.208761408773169,0.160722439253145
"5711","GTX-680","Fan2",0.0207780853245743,0.00611505291763978,0.294303003482592,"0.5","5",0.707149778563895,0.208761408773169,0.160722439253145
"3471","GTX-680","Fan2",0.00519852396350897,0.00367613506965447,0.707149778563895,"0.5","5",0.707149778563895,0.208761408773169,0.160722439253145
"2862","GTX-680","Fan2",0.0110836194357917,0.00770938394149279,0.695565558358792,"0.5","5",0.707149778563895,0.208761408773169,0.160722439253145
"9562","GTX-680","Fan2",0.0631992503094532,0.0165268743654539,0.261504278682589,"0.5","5",0.707149778563895,0.208761408773169,0.160722439253145
"1182","GTX-680","Fan2",0.0138291340891348,0.00913820422221909,0.660793666712564,"0.5","5",0.707149778563895,0.208761408773169,0.160722439253145
"593","GTX-680","Fan2",0.0113699373700243,0.00518381389495379,0.45592281876771,"0.5","5",0.707149778563895,0.208761408773169,0.160722439253145
"6332","GTX-680","Fan2",0.0272549652250252,0.00938429705722729,0.344315135966885,"0.5","5",0.707149778563895,0.208761408773169,0.160722439253145
"7701","GTX-680","Fan2",0.00429798339177224,0.00270117801143684,0.628475674570493,"0.5","5",0.707149778563895,0.208761408773169,0.160722439253145
"7672","GTX-680","Fan2",0.0519152266509459,0.0157133590572426,0.302673417240224,"0.5","5",0.707149778563895,0.208761408773169,0.160722439253145
"4653","GTX-680","Fan2",0.0116741045256393,0.00783117856292394,0.67081621084724,"0.5","5",0.707149778563895,0.208761408773169,0.160722439253145
"7872","GTX-680","Fan2",0.0147846150334974,0.00840380569072919,0.568415590915878,"0.5","5",0.707149778563895,0.208761408773169,0.160722439253145
"751","GTX-680","Fan2",0.0334460545574367,0.00985371691363791,0.294615225742582,"0.5","5",0.707149778563895,0.208761408773169,0.160722439253145
"6691","GTX-680","Fan2",0.0463576477538326,0.0132005727002773,0.284755015404896,"0.5","5",0.707149778563895,0.208761408773169,0.160722439253145
"9533","GTX-680","Fan2",0.0111609754524963,0.00770890557312649,0.69070177655505,"0.5","5",0.707149778563895,0.208761408773169,0.160722439253145
"1961","GTX-680","Fan2",0.0168215092598811,0.0100164838154114,0.595456903459936,"0.5","5",0.707149778563895,0.208761408773169,0.160722439253145
"7891","GTX-680","Fan2",0.0511655997999474,0.0110946543978847,0.216838157693133,"0.5","5",0.707149778563895,0.208761408773169,0.160722439253145
"203","GTX-680","Fan2",0.00603059781000361,0.00402283968301841,0.667071459540096,"0.5","5",0.707149778563895,0.208761408773169,0.160722439253145
"8823","GTX-680","Fan2",0.0166602657781582,0.00997481945515387,0.598719107364479,"0.5","5",0.707149778563895,0.208761408773169,0.160722439253145
"4522","GTX-680","Fan2",0.0324822558257468,0.012113313551422,0.37292094540492,"0.5","5",0.707149778563895,0.208761408773169,0.160722439253145
"3331","GTX-680","Fan2",0.0210886159813151,0.0071904509831195,0.340963626512539,"0.5","5",0.707149778563895,0.208761408773169,0.160722439253145
"7161","GTX-680","Fan2",0.0155525997991616,0.00996493776388573,0.64072488796522,"0.5","5",0.707149778563895,0.208761408773169,0.160722439253145
"9951","GTX-680","Fan2",0.0106356972042491,0.00599265350703539,0.56344717153486,"0.5","5",0.707149778563895,0.208761408773169,0.160722439253145
"5352","GTX-680","Fan2",0.0127646669989906,0.00801103859516428,0.627594797090892,"0.5","5",0.707149778563895,0.208761408773169,0.160722439253145
"1352","GTX-680","Fan2",0.0513257198074551,0.015607436657179,0.304086074500838,"0.5","5",0.707149778563895,0.208761408773169,0.160722439253145
"3841","GTX-680","Fan2",0.0124112558269618,0.00865164664082394,0.697080679138802,"0.5","5",0.707149778563895,0.208761408773169,0.160722439253145
"1401","GTX-680","Fan2",0.0169997204268515,0.0114755753127873,0.675044943366325,"0.5","5",0.707149778563895,0.208761408773169,0.160722439253145
"5922","GTX-680","Fan2",0.0575644431013509,0.0160837964846587,0.279405056630892,"0.5","5",0.707149778563895,0.208761408773169,0.160722439253145
"7631","GTX-680","Fan2",0.0381787593748199,0.0102327554760557,0.268022210349887,"0.5","5",0.707149778563895,0.208761408773169,0.160722439253145
"8343","GTX-680","Fan2",0.0163810295474573,0.00839563546876584,0.512521843907485,"0.5","5",0.707149778563895,0.208761408773169,0.160722439253145
"6392","GTX-680","Fan2",0.013719286513534,0.00955719701640038,0.69662493067495,"0.5","5",0.707149778563895,0.208761408773169,0.160722439253145
"7752","GTX-680","Fan2",0.0022894400338649,0.000950011573530192,0.414953682768637,"0.5","5",0.707149778563895,0.208761408773169,0.160722439253145
"802","GTX-680","Fan2",0.021017921435485,0.00882948847540402,0.4200933238097,"0.5","5",0.707149778563895,0.208761408773169,0.160722439253145
"2652","GTX-680","Fan2",0.0149274488019188,0.00952585281057028,0.638143391879917,"0.5","5",0.707149778563895,0.208761408773169,0.160722439253145
"2152","Tesla-K40","Fan2",0.0114314911270124,0.00922375013782129,0.80687200255317,"0.5","5",0.964190101307712,0.492527044451933,0.056790397541866
"4512","Tesla-K40","Fan2",0.00246355302794001,0.00197300294131693,0.800876993082928,"0.5","5",0.964190101307712,0.492527044451933,0.056790397541866
"2192","Tesla-K40","Fan2",0.0110344030823382,0.00850659714541581,0.770915932827538,"0.5","5",0.964190101307712,0.492527044451933,0.056790397541866
"3281","Tesla-K40","Fan2",0.0189781541741352,0.0146639846992424,0.772677077269583,"0.5","5",0.964190101307712,0.492527044451933,0.056790397541866
"8811","Tesla-K40","Fan2",0.0134804977692918,0.0108370091837771,0.803902746711881,"0.5","5",0.964190101307712,0.492527044451933,0.056790397541866
"2881","Tesla-K40","Fan2",0.0147514870341035,0.0116751361103647,0.791454860338708,"0.5","5",0.964190101307712,0.492527044451933,0.056790397541866
"2201","Tesla-K40","Fan2",0.0234552282722314,0.0167153474361849,0.712649105017414,"0.5","5",0.964190101307712,0.492527044451933,0.056790397541866
"3031","Tesla-K40","Fan2",0.0183918330575682,0.0140662522108407,0.764809693890329,"0.5","5",0.964190101307712,0.492527044451933,0.056790397541866
"3292","Tesla-K40","Fan2",0.00902406821865078,0.00740912045730672,0.821039943159304,"0.5","5",0.964190101307712,0.492527044451933,0.056790397541866
"1152","Tesla-K40","Fan2",0.00733946980608658,0.00551682966915192,0.75166596701261,"0.5","5",0.964190101307712,0.492527044451933,0.056790397541866
"2471","Tesla-K40","Fan2",0.0152094624308661,0.0113219391086371,0.744401004315596,"0.5","5",0.964190101307712,0.492527044451933,0.056790397541866
"6082","Tesla-K40","Fan2",0.00929416386694918,0.00738678059330217,0.794776237975552,"0.5","5",0.964190101307712,0.492527044451933,0.056790397541866
"182","Tesla-K40","Fan2",0.00925206479015421,0.00736614216764965,0.796161974080477,"0.5","5",0.964190101307712,0.492527044451933,0.056790397541866
"6442","Tesla-K40","Fan2",0.0143116981431912,0.0113337568013232,0.791922571865816,"0.5","5",0.964190101307712,0.492527044451933,0.056790397541866
"7641","Tesla-K40","Fan2",0.0194782579992983,0.0155892029162682,0.800338660512134,"0.5","5",0.964190101307712,0.492527044451933,0.056790397541866
"7042","Tesla-K40","Fan2",0.0111063872824531,0.00857590284072076,0.772159535105514,"0.5","5",0.964190101307712,0.492527044451933,0.056790397541866
"931","Tesla-K40","Fan2",0.014045614473493,0.0111568176196947,0.794327484977601,"0.5","5",0.964190101307712,0.492527044451933,0.056790397541866
"3191","Tesla-K40","Fan2",0.0112142970055147,0.00863922851110094,0.770376289022175,"0.5","5",0.964190101307712,0.492527044451933,0.056790397541866
"1512","Tesla-K40","Fan2",0.00482941837102665,0.00376657379399705,0.779922861227766,"0.5","5",0.964190101307712,0.492527044451933,0.056790397541866
"3041","Tesla-K40","Fan2",0.0390696613252663,0.0197932925436381,0.506615411350848,"0.5","5",0.964190101307712,0.492527044451933,0.056790397541866
"4592","Tesla-K40","Fan2",0.0149389855385768,0.0117787142680826,0.788454760710928,"0.5","5",0.964190101307712,0.492527044451933,0.056790397541866
"3762","Tesla-K40","Fan2",0.00732481134202795,0.00580126894368756,0.79200250665861,"0.5","5",0.964190101307712,0.492527044451933,0.056790397541866
"4452","Tesla-K40","Fan2",0.0171207424589201,0.0131014559609424,0.765238773515714,"0.5","5",0.964190101307712,0.492527044451933,0.056790397541866
"4531","Tesla-K40","Fan2",0.0194582240170942,0.0151279230964676,0.777456518291575,"0.5","5",0.964190101307712,0.492527044451933,0.056790397541866
"4061","Tesla-K40","Fan2",0.0199150263826661,0.0158660712863889,0.796688439247996,"0.5","5",0.964190101307712,0.492527044451933,0.056790397541866
"5861","Tesla-K40","Fan2",0.00142410424145898,0.00117930408474353,0.828102361057043,"0.5","5",0.964190101307712,0.492527044451933,0.056790397541866
"6901","Tesla-K40","Fan2",0.0207402305258746,0.0166825648141957,0.804357733313682,"0.5","5",0.964190101307712,0.492527044451933,0.056790397541866
"5381","Tesla-K40","Fan2",0.0109288196480107,0.00837588910483495,0.766403818033503,"0.5","5",0.964190101307712,0.492527044451933,0.056790397541866
"1282","Tesla-K40","Fan2",0.00679593566787166,0.00529678280000797,0.779404493931416,"0.5","5",0.964190101307712,0.492527044451933,0.056790397541866
"9151","Tesla-K40","Fan2",0.0212640930213626,0.0140228392338777,0.6594609617156,"0.5","5",0.964190101307712,0.492527044451933,0.056790397541866
"6982","Tesla-K40","Fan2",0.0084430426574561,0.00703272576303632,0.832961060172505,"0.5","5",0.964190101307712,0.492527044451933,0.056790397541866
"5971","Tesla-K40","Fan2",0.00695199761151523,0.00556454686039178,0.80042416170781,"0.5","5",0.964190101307712,0.492527044451933,0.056790397541866
"8321","Tesla-K40","Fan2",0.0104294039843328,0.00827848918517082,0.793764360610333,"0.5","5",0.964190101307712,0.492527044451933,0.056790397541866
"541","Tesla-K40","Fan2",0.0110024108105658,0.00846660479341893,0.769522692725519,"0.5","5",0.964190101307712,0.492527044451933,0.056790397541866
"3214","Tesla-K40","Fan2",0.0137743234588265,0.0132810663312111,0.964190101307712,"0.5","5",0.964190101307712,0.492527044451933,0.056790397541866
"3151","Tesla-K40","Fan2",0.00957750990396158,0.00738190565966347,0.770754166133524,"0.5","5",0.964190101307712,0.492527044451933,0.056790397541866
"7471","Tesla-K40","Fan2",0.0101064593967856,0.00792119933245246,0.783775902268192,"0.5","5",0.964190101307712,0.492527044451933,0.056790397541866
"1832","Tesla-K40","Fan2",0.0183664552417276,0.0143467945193391,0.78114117996727,"0.5","5",0.964190101307712,0.492527044451933,0.056790397541866
"4221","Tesla-K40","Fan2",0.0192824016572268,0.0150488393937913,0.780444244514073,"0.5","5",0.964190101307712,0.492527044451933,0.056790397541866
"9651","Tesla-K40","Fan2",0.0216119711682062,0.0166395628408545,0.769923423983338,"0.5","5",0.964190101307712,0.492527044451933,0.056790397541866
"5801","Tesla-K40","Fan2",0.0238336185369171,0.0193002179670705,0.809789664845706,"0.5","5",0.964190101307712,0.492527044451933,0.056790397541866
"2561","Tesla-K40","Fan2",0.0102304128916003,0.00804440214968123,0.786322334681729,"0.5","5",0.964190101307712,0.492527044451933,0.056790397541866
"7981","Tesla-K40","Fan2",0.017069281935365,0.0136755904306466,0.801181355046509,"0.5","5",0.964190101307712,0.492527044451933,0.056790397541866
"51511","Tesla-K40","Fan2",0.00472380296312154,0.00363383919730923,0.769261382339273,"0.5","5",0.964190101307712,0.492527044451933,0.056790397541866
"29611","Tesla-K40","Fan2",0.0148080915906528,0.0118767128507555,0.802042098270941,"0.5","5",0.964190101307712,0.492527044451933,0.056790397541866
"58511","Tesla-K40","Fan2",0.00483482496760599,0.00388125826050303,0.80277120402662,"0.5","5",0.964190101307712,0.492527044451933,0.056790397541866
"6031","Tesla-K40","Fan2",0.0124591904653516,0.00985153898781295,0.790704581907596,"0.5","5",0.964190101307712,0.492527044451933,0.056790397541866
"5701","Tesla-K40","Fan2",0.0159484029259218,0.0128529134159098,0.805905987929315,"0.5","5",0.964190101307712,0.492527044451933,0.056790397541866
"27611","Tesla-K40","Fan2",0.0078907213285459,0.00637814772158794,0.808309843425087,"0.5","5",0.964190101307712,0.492527044451933,0.056790397541866
"1763","Tesla-K40","Fan2",0.0076518602380118,0.00612701886318742,0.800722788002648,"0.5","5",0.964190101307712,0.492527044451933,0.056790397541866
"3581","Tesla-K40","Fan2",0.0146955044959652,0.0117212487693739,0.79760778356348,"0.5","5",0.964190101307712,0.492527044451933,0.056790397541866
"6242","Tesla-K40","Fan2",0.00201359844216871,0.00173266119671435,0.86048000456745,"0.5","5",0.964190101307712,0.492527044451933,0.056790397541866
"665","Tesla-K40","Fan2",0.00616609580652343,0.00491540205899176,0.797166020967676,"0.5","5",0.964190101307712,0.492527044451933,0.056790397541866
"7522","Tesla-K40","Fan2",0.0180830337338515,0.0141953712138375,0.785010492308252,"0.5","5",0.964190101307712,0.492527044451933,0.056790397541866
"3421","Tesla-K40","Fan2",0.0186143171658003,0.0150987146699758,0.811134490483291,"0.5","5",0.964190101307712,0.492527044451933,0.056790397541866
"438","Tesla-K40","Fan2",0.0102949158552971,0.0081627833810442,0.792894618642677,"0.5","5",0.964190101307712,0.492527044451933,0.056790397541866
"9291","Tesla-K40","Fan2",0.00715519959140695,0.00562979945387616,0.786812356798164,"0.5","5",0.964190101307712,0.492527044451933,0.056790397541866
"5522","Tesla-K40","Fan2",0.0197868621282392,0.013622030836074,0.688438153952314,"0.5","5",0.964190101307712,0.492527044451933,0.056790397541866
"5603","Tesla-K40","Fan2",0.018210876239212,0.014747197398864,0.809801637502211,"0.5","5",0.964190101307712,0.492527044451933,0.056790397541866
"3322","Tesla-K40","Fan2",0.0190371298257808,0.0147586741760623,0.775257316156743,"0.5","5",0.964190101307712,0.492527044451933,0.056790397541866
"8181","Tesla-K40","Fan2",0.0170157247001739,0.0137206903025942,0.806353566736649,"0.5","5",0.964190101307712,0.492527044451933,0.056790397541866
"1091","Tesla-K40","Fan2",0.00472356551990353,0.00371795742421806,0.787108257216255,"0.5","5",0.964190101307712,0.492527044451933,0.056790397541866
"5271","Tesla-K40","Fan2",0.0086615816141878,0.00680511081995233,0.785666073827147,"0.5","5",0.964190101307712,0.492527044451933,0.056790397541866
"9191","Tesla-K40","Fan2",0.0112978779619883,0.00866915882180036,0.767326293571923,"0.5","5",0.964190101307712,0.492527044451933,0.056790397541866
"3901","Tesla-K40","Fan2",0.0301779250637186,0.0183200807581183,0.607068932653147,"0.5","5",0.964190101307712,0.492527044451933,0.056790397541866
"6132","Tesla-K40","Fan2",0.0184791443272985,0.0146048493982547,0.790342298300011,"0.5","5",0.964190101307712,0.492527044451933,0.056790397541866
"6481","Tesla-K40","Fan2",0.00795116165003637,0.00647265459757429,0.814051440841312,"0.5","5",0.964190101307712,0.492527044451933,0.056790397541866
"7902","Tesla-K40","Fan2",0.0167959116304577,0.0128831020604615,0.767037975902383,"0.5","5",0.964190101307712,0.492527044451933,0.056790397541866
"83411","Tesla-K40","Fan2",0.0160552096052855,0.012573554494792,0.783144836094368,"0.5","5",0.964190101307712,0.492527044451933,0.056790397541866
"2322","Tesla-K40","Fan2",0.00612552048468759,0.00488785406227912,0.797949182358895,"0.5","5",0.964190101307712,0.492527044451933,0.056790397541866
"2121","Tesla-K40","Fan2",0.0211162786092236,0.0172459076121305,0.816711501646766,"0.5","5",0.964190101307712,0.492527044451933,0.056790397541866
"441","Tesla-K40","Fan2",0.019239315471694,0.0149564993508134,0.777392489499861,"0.5","5",0.964190101307712,0.492527044451933,0.056790397541866
"5472","Tesla-K40","Fan2",0.00367399448625243,0.00293277760174578,0.798253130950474,"0.5","5",0.964190101307712,0.492527044451933,0.056790397541866
"35311","Tesla-K40","Fan2",0.0168154064835108,0.0128653050005647,0.765090336244947,"0.5","5",0.964190101307712,0.492527044451933,0.056790397541866
"1741","Tesla-K40","Fan2",0.0167949679405759,0.014440391467374,0.859804646157536,"0.5","5",0.964190101307712,0.492527044451933,0.056790397541866
"6233","Tesla-K40","Fan2",0.00594657340283803,0.00461545314828029,0.776153397194683,"0.5","5",0.964190101307712,0.492527044451933,0.056790397541866
"53511","Tesla-K40","Fan2",0.000477903427562687,0.000391195813214364,0.818566661489471,"0.5","5",0.964190101307712,0.492527044451933,0.056790397541866
"8301","Tesla-K40","Fan2",0.00483904700948807,0.00388819845825255,0.803504998118192,"0.5","5",0.964190101307712,0.492527044451933,0.056790397541866
"78711","Tesla-K40","Fan2",0.0190549256037869,0.0149155683292388,0.782767072377054,"0.5","5",0.964190101307712,0.492527044451933,0.056790397541866
"88211","Tesla-K40","Fan2",0.0070266605829411,0.00536473627341648,0.763483052880149,"0.5","5",0.964190101307712,0.492527044451933,0.056790397541866
"4753","Tesla-K40","Fan2",0.0183677609045277,0.014072553803777,0.766155106053677,"0.5","5",0.964190101307712,0.492527044451933,0.056790397541866
"8203","Tesla-K40","Fan2",0.00658650843964977,0.00519419962958054,0.788612005461385,"0.5","5",0.964190101307712,0.492527044451933,0.056790397541866
"9381","Tesla-K40","Fan2",0.00832590395796755,0.00643860232288192,0.773321714421225,"0.5","5",0.964190101307712,0.492527044451933,0.056790397541866
"1843","Tesla-K40","Fan2",0.00734142328853454,0.00581482339491165,0.79205668524698,"0.5","5",0.964190101307712,0.492527044451933,0.056790397541866
"1991","Tesla-K40","Fan2",0.00933881281375435,0.00759709203896775,0.813496553628169,"0.5","5",0.964190101307712,0.492527044451933,0.056790397541866
"3171","Tesla-K40","Fan2",0.0062170699045182,0.00495817253770786,0.797509536462595,"0.5","5",0.964190101307712,0.492527044451933,0.056790397541866
"8991","Tesla-K40","Fan2",0.00972616261865922,0.00786063401825094,0.808194796493599,"0.5","5",0.964190101307712,0.492527044451933,0.056790397541866
"4941","Tesla-K40","Fan2",0.0184912270405029,0.0141251488403653,0.763883803353115,"0.5","5",0.964190101307712,0.492527044451933,0.056790397541866
"85511","Tesla-K40","Fan2",0.0110228206411352,0.00849203032140059,0.770404472491358,"0.5","5",0.964190101307712,0.492527044451933,0.056790397541866
"7082","Tesla-K40","Fan2",0.0138939941015061,0.0106522171596536,0.766677823657554,"0.5","5",0.964190101307712,0.492527044451933,0.056790397541866
"7542","Tesla-K40","Fan2",0.00922666419687049,0.00700996019441329,0.759750224440913,"0.5","5",0.964190101307712,0.492527044451933,0.056790397541866
"6672","Tesla-K40","Fan2",0.0182878892918839,0.0148221599363862,0.810490467205763,"0.5","5",0.964190101307712,0.492527044451933,0.056790397541866
"2511","Tesla-K40","Fan2",0.0188101568864953,0.0144240474538434,0.76682228334837,"0.5","5",0.964190101307712,0.492527044451933,0.056790397541866
"7742","Tesla-K40","Fan2",0.0231451388392738,0.0166398488745876,0.718934934464608,"0.5","5",0.964190101307712,0.492527044451933,0.056790397541866
"6612","Tesla-K40","Fan2",0.0184991383301283,0.0141304103024589,0.763841539551365,"0.5","5",0.964190101307712,0.492527044451933,0.056790397541866
"1901","Tesla-K40","Fan2",0.0282478037104189,0.0180505070025154,0.639005679434741,"0.5","5",0.964190101307712,0.492527044451933,0.056790397541866
"3801","Tesla-K40","Fan2",0.0203587687503448,0.0160608115725021,0.788889140077789,"0.5","5",0.964190101307712,0.492527044451933,0.056790397541866
"9372","Tesla-K40","Fan2",0.00678238706521518,0.00528944923752434,0.779880178860969,"0.5","5",0.964190101307712,0.492527044451933,0.056790397541866
"3591","Tesla-K40","Fan2",0.00584583871935779,0.00464682205217581,0.794893987887216,"0.5","5",0.964190101307712,0.492527044451933,0.056790397541866
"8741","Tesla-K40","Fan2",0.04060902933599,0.020001045196917,0.492527044451933,"0.5","5",0.964190101307712,0.492527044451933,0.056790397541866
"6601","Tesla-K20","Fan2",0.0132966023453925,0.0204513528207652,1.53808862516311,"0.5","5",1.58689998272286,1.12902262680243,0.0916093628526191
"461","Tesla-K20","Fan2",0.0216271649534146,0.028603197414003,1.32255880396783,"0.5","5",1.58689998272286,1.12902262680243,0.0916093628526191
"3702","Tesla-K20","Fan2",0.021481287060855,0.0284165236175484,1.32285014101093,"0.5","5",1.58689998272286,1.12902262680243,0.0916093628526191
"4281","Tesla-K20","Fan2",0.0162075723822994,0.020388582278568,1.25796644911701,"0.5","5",1.58689998272286,1.12902262680243,0.0916093628526191
"2391","Tesla-K20","Fan2",0.0137115378051897,0.0191663865641401,1.39782910104261,"0.5","5",1.58689998272286,1.12902262680243,0.0916093628526191
"9781","Tesla-K20","Fan2",0.0135049247434791,0.0187229391471568,1.3863786361488,"0.5","5",1.58689998272286,1.12902262680243,0.0916093628526191
"7112","Tesla-K20","Fan2",0.0179804972753141,0.0253522781952519,1.40998759973444,"0.5","5",1.58689998272286,1.12902262680243,0.0916093628526191
"3361","Tesla-K20","Fan2",0.0202182946214353,0.0278160621455875,1.37578676473025,"0.5","5",1.58689998272286,1.12902262680243,0.0916093628526191
"2591","Tesla-K20","Fan2",0.0148362819652326,0.020606065440776,1.38889686034981,"0.5","5",1.58689998272286,1.12902262680243,0.0916093628526191
"913","Tesla-K20","Fan2",0.00524835913157518,0.0068049880833552,1.29659345192577,"0.5","5",1.58689998272286,1.12902262680243,0.0916093628526191
"1211","Tesla-K20","Fan2",0.0224406320221426,0.0291717132143079,1.2999506068066,"0.5","5",1.58689998272286,1.12902262680243,0.0916093628526191
"2771","Tesla-K20","Fan2",0.00972962783614124,0.0135841759324631,1.39616603648537,"0.5","5",1.58689998272286,1.12902262680243,0.0916093628526191
"4001","Tesla-K20","Fan2",0.01833920184224,0.0253061364286746,1.37989300986851,"0.5","5",1.58689998272286,1.12902262680243,0.0916093628526191
"2812","Tesla-K20","Fan2",0.0162503403494416,0.0235543622600057,1.44946885748243,"0.5","5",1.58689998272286,1.12902262680243,0.0916093628526191
"1412","Tesla-K20","Fan2",0.00737123420106767,0.00991991808819458,1.34576080716005,"0.5","5",1.58689998272286,1.12902262680243,0.0916093628526191
"82011","Tesla-K20","Fan2",0.00564389240496867,0.00847685989387817,1.50195278110112,"0.5","5",1.58689998272286,1.12902262680243,0.0916093628526191
"6361","Tesla-K20","Fan2",0.00354594706123986,0.00535064858776642,1.50894767895817,"0.5","5",1.58689998272286,1.12902262680243,0.0916093628526191
"3861","Tesla-K20","Fan2",0.0137164261049261,0.0191717181288969,1.39771963791731,"0.5","5",1.58689998272286,1.12902262680243,0.0916093628526191
"253","Tesla-K20","Fan2",0.0146365400801774,0.0181708585496068,1.24147226394139,"0.5","5",1.58689998272286,1.12902262680243,0.0916093628526191
"147","Tesla-K20","Fan2",0.0134683632583295,0.0190419139364034,1.41382539000252,"0.5","5",1.58689998272286,1.12902262680243,0.0916093628526191
"302","Tesla-K20","Fan2",0.0160065752603289,0.0217671085201172,1.35988543246133,"0.5","5",1.58689998272286,1.12902262680243,0.0916093628526191
"556","Tesla-K20","Fan2",0.0190206964149169,0.0245285294467232,1.28957052421523,"0.5","5",1.58689998272286,1.12902262680243,0.0916093628526191
"5251","Tesla-K20","Fan2",0.0131775761399334,0.0178030942365675,1.35101433279653,"0.5","5",1.58689998272286,1.12902262680243,0.0916093628526191
"9242","Tesla-K20","Fan2",0.0137757648914777,0.019244168070526,1.39695822497894,"0.5","5",1.58689998272286,1.12902262680243,0.0916093628526191
"9282","Tesla-K20","Fan2",0.0226060616582298,0.0304303830335037,1.34611607689858,"0.5","5",1.58689998272286,1.12902262680243,0.0916093628526191
"2182","Tesla-K20","Fan2",0.0236380529335594,0.0312490181378191,1.32197936207572,"0.5","5",1.58689998272286,1.12902262680243,0.0916093628526191
"6871","Tesla-K20","Fan2",0.0161139046852397,0.0224447484368314,1.39288079923861,"0.5","5",1.58689998272286,1.12902262680243,0.0916093628526191
"1322","Tesla-K20","Fan2",0.0196105768505134,0.0260099694510437,1.32632352680451,"0.5","5",1.58689998272286,1.12902262680243,0.0916093628526191
"1673","Tesla-K20","Fan2",0.016444541777826,0.0231993923698311,1.41076551011676,"0.5","5",1.58689998272286,1.12902262680243,0.0916093628526191
"4772","Tesla-K20","Fan2",0.0143108123498806,0.019525868878389,1.36441373145053,"0.5","5",1.58689998272286,1.12902262680243,0.0916093628526191
"1161","Tesla-K20","Fan2",0.00747677831619319,0.0103815590853632,1.38850700747391,"0.5","5",1.58689998272286,1.12902262680243,0.0916093628526191
"83421","Tesla-K20","Fan2",0.0127806416609422,0.0174603249751187,1.36615401936177,"0.5","5",1.58689998272286,1.12902262680243,0.0916093628526191
"9162","Tesla-K20","Fan2",0.0160796792116128,0.0192273644282253,1.19575547342631,"0.5","5",1.58689998272286,1.12902262680243,0.0916093628526191
"1521","Tesla-K20","Fan2",0.00990362733983717,0.011814784116117,1.19297543321245,"0.5","5",1.58689998272286,1.12902262680243,0.0916093628526191
"3242","Tesla-K20","Fan2",0.0324501887545826,0.0374509206175286,1.1541048620939,"0.5","5",1.58689998272286,1.12902262680243,0.0916093628526191
"4441","Tesla-K20","Fan2",0.00775088147476162,0.0107158302110673,1.38253052197484,"0.5","5",1.58689998272286,1.12902262680243,0.0916093628526191
"62311","Tesla-K20","Fan2",0.001492842676788,0.00198428846935611,1.32920132858574,"0.5","5",1.58689998272286,1.12902262680243,0.0916093628526191
"4053","Tesla-K20","Fan2",0.025132421400517,0.0325940410530483,1.29689219091232,"0.5","5",1.58689998272286,1.12902262680243,0.0916093628526191
"861","Tesla-K20","Fan2",0.0112929295573599,0.0157014210954863,1.39037625407423,"0.5","5",1.58689998272286,1.12902262680243,0.0916093628526191
"54611","Tesla-K20","Fan2",0.0192948559655346,0.0231826120020312,1.20149184028329,"0.5","5",1.58689998272286,1.12902262680243,0.0916093628526191
"211","Tesla-K20","Fan2",0.0136471726173122,0.0164648254391047,1.20646421795955,"0.5","5",1.58689998272286,1.12902262680243,0.0916093628526191
"8131","Tesla-K20","Fan2",0.00624196950633281,0.00867432642349054,1.38967779555635,"0.5","5",1.58689998272286,1.12902262680243,0.0916093628526191
"6641","Tesla-K20","Fan2",0.0123146978561921,0.014652869159235,1.18986834515532,"0.5","5",1.58689998272286,1.12902262680243,0.0916093628526191
"3432","Tesla-K20","Fan2",0.016511182035828,0.0222780840601015,1.349272511911,"0.5","5",1.58689998272286,1.12902262680243,0.0916093628526191
"341","Tesla-K20","Fan2",0.0139026500688038,0.0193826352695962,1.39416839046312,"0.5","5",1.58689998272286,1.12902262680243,0.0916093628526191
"6991","Tesla-K20","Fan2",0.0164018659941322,0.0227427525365967,1.38659543644198,"0.5","5",1.58689998272286,1.12902262680243,0.0916093628526191
"5033","Tesla-K20","Fan2",0.0198768339193284,0.0274594828505135,1.38148172701748,"0.5","5",1.58689998272286,1.12902262680243,0.0916093628526191
"3442","Tesla-K20","Fan2",0.0152966682613591,0.0213389648253974,1.39500736113247,"0.5","5",1.58689998272286,1.12902262680243,0.0916093628526191
"2381","Tesla-K20","Fan2",0.0185610793023901,0.0258206610722465,1.39111851480111,"0.5","5",1.58689998272286,1.12902262680243,0.0916093628526191
"2731","Tesla-K20","Fan2",0.0108213432831955,0.0149850546339303,1.38476843787043,"0.5","5",1.58689998272286,1.12902262680243,0.0916093628526191
"45111","Tesla-K20","Fan2",0.0145668083011769,0.0203149551895347,1.39460578937483,"0.5","5",1.58689998272286,1.12902262680243,0.0916093628526191
"9892","Tesla-K20","Fan2",0.0148741806094701,0.0211146613345547,1.41955122698398,"0.5","5",1.58689998272286,1.12902262680243,0.0916093628526191
"8761","Tesla-K20","Fan2",0.0183092300763519,0.0252792321550242,1.38068242354301,"0.5","5",1.58689998272286,1.12902262680243,0.0916093628526191
"8441","Tesla-K20","Fan2",0.00818772535492252,0.0105294121250242,1.28599967250903,"0.5","5",1.58689998272286,1.12902262680243,0.0916093628526191
"4461","Tesla-K20","Fan2",0.0278551050024137,0.0315767727127026,1.13360810199662,"0.5","5",1.58689998272286,1.12902262680243,0.0916093628526191
"5731","Tesla-K20","Fan2",0.0139926303549409,0.0194822300767823,1.39232078476961,"0.5","5",1.58689998272286,1.12902262680243,0.0916093628526191
"95611","Tesla-K20","Fan2",0.0138783419538206,0.0176769117522535,1.27370487130757,"0.5","5",1.58689998272286,1.12902262680243,0.0916093628526191
"1911","Tesla-K20","Fan2",0.0221901097989689,0.0300121206702055,1.35249987233502,"0.5","5",1.58689998272286,1.12902262680243,0.0916093628526191
"1071","Tesla-K20","Fan2",0.00944112487137053,0.0132898763729885,1.40765815027921,"0.5","5",1.58689998272286,1.12902262680243,0.0916093628526191
"4332","Tesla-K20","Fan2",0.00848960642915223,0.0116327490954307,1.37023420255211,"0.5","5",1.58689998272286,1.12902262680243,0.0916093628526191
"4642","Tesla-K20","Fan2",0.0028354100395261,0.00356973143712283,1.25898243547147,"0.5","5",1.58689998272286,1.12902262680243,0.0916093628526191
"1252","Tesla-K20","Fan2",0.0121191890583822,0.0168241917292773,1.38822751656316,"0.5","5",1.58689998272286,1.12902262680243,0.0916093628526191
"7481","Tesla-K20","Fan2",0.00789843530002937,0.0108674693630632,1.37590154888308,"0.5","5",1.58689998272286,1.12902262680243,0.0916093628526191
"8161","Tesla-K20","Fan2",0.0111197648082523,0.0154972619681643,1.39366814275275,"0.5","5",1.58689998272286,1.12902262680243,0.0916093628526191
"9912","Tesla-K20","Fan2",0.0266196812941768,0.0318020864226641,1.19468321469427,"0.5","5",1.58689998272286,1.12902262680243,0.0916093628526191
"1012","Tesla-K20","Fan2",0.00456141885699495,0.00662169282485842,1.45167392700717,"0.5","5",1.58689998272286,1.12902262680243,0.0916093628526191
"6821","Tesla-K20","Fan2",0.00447716185383731,0.00606607952165814,1.3548939528418,"0.5","5",1.58689998272286,1.12902262680243,0.0916093628526191
"6212","Tesla-K20","Fan2",0.00837109097876306,0.011717242050167,1.39972699853494,"0.5","5",1.58689998272286,1.12902262680243,0.0916093628526191
"5112","Tesla-K20","Fan2",0.00678878369944508,0.0106041840921587,1.56201531255524,"0.5","5",1.58689998272286,1.12902262680243,0.0916093628526191
"6301","Tesla-K20","Fan2",0.0092467743996722,0.013559515764347,1.46640495142043,"0.5","5",1.58689998272286,1.12902262680243,0.0916093628526191
"7621","Tesla-K20","Fan2",0.0201153908821788,0.0277158878189208,1.37784485428398,"0.5","5",1.58689998272286,1.12902262680243,0.0916093628526191
"3121","Tesla-K20","Fan2",0.0149310020736878,0.0210925598715667,1.41266873900829,"0.5","5",1.58689998272286,1.12902262680243,0.0916093628526191
"75211","Tesla-K20","Fan2",0.0124241660098816,0.0155739168318746,1.25351808881883,"0.5","5",1.58689998272286,1.12902262680243,0.0916093628526191
"2362","Tesla-K20","Fan2",0.0133714398559859,0.0163788119812784,1.22491011870694,"0.5","5",1.58689998272286,1.12902262680243,0.0916093628526191
"77511","Tesla-K20","Fan2",0.0037506861140448,0.0053123420267156,1.41636539693978,"0.5","5",1.58689998272286,1.12902262680243,0.0916093628526191
"1041","Tesla-K20","Fan2",0.0248466539727764,0.0297659334045094,1.19798558941268,"0.5","5",1.58689998272286,1.12902262680243,0.0916093628526191
"1921","Tesla-K20","Fan2",0.010652631266446,0.0151303787154399,1.42034191712784,"0.5","5",1.58689998272286,1.12902262680243,0.0916093628526191
"4781","Tesla-K20","Fan2",0.00954189398080852,0.0133815678989105,1.40240165378326,"0.5","5",1.58689998272286,1.12902262680243,0.0916093628526191
"7591","Tesla-K20","Fan2",0.00832366370138404,0.0106310034498762,1.27720242326807,"0.5","5",1.58689998272286,1.12902262680243,0.0916093628526191
"4091","Tesla-K20","Fan2",0.0108522514272873,0.0143331630684486,1.32075479125085,"0.5","5",1.58689998272286,1.12902262680243,0.0916093628526191
"532","Tesla-K20","Fan2",0.00564388554707849,0.00895628187714864,1.58689998272286,"0.5","5",1.58689998272286,1.12902262680243,0.0916093628526191
"5391","Tesla-K20","Fan2",0.0129827402694208,0.0176467557865902,1.35924738694456,"0.5","5",1.58689998272286,1.12902262680243,0.0916093628526191
"11511","Tesla-K20","Fan2",0.0142017467135569,0.0168744467470869,1.18819516271042,"0.5","5",1.58689998272286,1.12902262680243,0.0916093628526191
"681","Tesla-K20","Fan2",0.018307800368102,0.0255382705873466,1.39493931951772,"0.5","5",1.58689998272286,1.12902262680243,0.0916093628526191
"512","Tesla-K20","Fan2",0.0115086666360955,0.0148157621198406,1.28735696221949,"0.5","5",1.58689998272286,1.12902262680243,0.0916093628526191
"9621","Tesla-K20","Fan2",0.0104838853592568,0.013232567626641,1.26218164098459,"0.5","5",1.58689998272286,1.12902262680243,0.0916093628526191
"992","Tesla-K20","Fan2",0.0337281653012238,0.0380798617856141,1.12902262680243,"0.5","5",1.58689998272286,1.12902262680243,0.0916093628526191
"5441","Tesla-K20","Fan2",0.0161732970491205,0.019290426136778,1.19273306352999,"0.5","5",1.58689998272286,1.12902262680243,0.0916093628526191
"1812","Tesla-K20","Fan2",0.0151206338100939,0.0174147380166952,1.15172010878736,"0.5","5",1.58689998272286,1.12902262680243,0.0916093628526191
"99411","Tesla-K20","Fan2",0.0206807608153138,0.0277549771428244,1.34206750857407,"0.5","5",1.58689998272286,1.12902262680243,0.0916093628526191
"8952","Tesla-K20","Fan2",0.0124255635713884,0.0155382426867505,1.25050607141309,"0.5","5",1.58689998272286,1.12902262680243,0.0916093628526191
"70411","Tesla-K20","Fan2",0.0117494489829814,0.0163952564585039,1.39540641286683,"0.5","5",1.58689998272286,1.12902262680243,0.0916093628526191
"8081","Tesla-K20","Fan2",0.0101347799554969,0.0140556662410236,1.38687433794753,"0.5","5",1.58689998272286,1.12902262680243,0.0916093628526191
"21911","Tesla-K20","Fan2",0.0185338516363917,0.0241723565381561,1.30422736797423,"0.5","5",1.58689998272286,1.12902262680243,0.0916093628526191
"5822","Tesla-K20","Fan2",0.0154712399111847,0.0205260471720733,1.32672282828698,"0.5","5",1.58689998272286,1.12902262680243,0.0916093628526191
"8853","Tesla-K20","Fan2",0.0158271270201559,0.0220802993548759,1.3950920673573,"0.5","5",1.58689998272286,1.12902262680243,0.0916093628526191
"2982","Tesla-K20","Fan2",0.0132665484057409,0.0171437694859031,1.2922554504444,"0.5","5",1.58689998272286,1.12902262680243,0.0916093628526191
"4901","Tesla-K20","Fan2",0.0126903333158933,0.0166792536313026,1.3143274661205,"0.5","5",1.58689998272286,1.12902262680243,0.0916093628526191
"6351","Tesla-K20","Fan2",0.0310085537968107,0.0366092963565517,1.1806192767467,"0.5","5",1.58689998272286,1.12902262680243,0.0916093628526191
"98111","Tesla-K20","Fan2",0.0113076155977969,0.0146824995085686,1.29846114608187,"0.5","5",1.58689998272286,1.12902262680243,0.0916093628526191
"2351","Quadro","Fan2",0.0107790947891311,0.0166588212579756,1.54547497576264,"0.5","5",2.02890337921919,0.608822055458848,0.395844770355093
"56011","Quadro","Fan2",0.00652784762428687,0.011108878787064,1.70176747780285,"0.5","5",2.02890337921919,0.608822055458848,0.395844770355093
"8911","Quadro","Fan2",0.00891242437005512,0.0129971051195195,1.45831308966711,"0.5","5",2.02890337921919,0.608822055458848,0.395844770355093
"58211","Quadro","Fan2",0.0175875149250794,0.0107076669871,0.608822055458848,"0.5","5",2.02890337921919,0.608822055458848,0.395844770355093
"2551","Quadro","Fan2",0.0164810198529332,0.0288727036073757,1.75187602860857,"0.5","5",2.02890337921919,0.608822055458848,0.395844770355093
"28111","Quadro","Fan2",0.0123485939452732,0.0217702064815659,1.76297047081211,"0.5","5",2.02890337921919,0.608822055458848,0.395844770355093
"86611","Quadro","Fan2",0.0107916159174817,0.0135296650345844,1.25372003025675,"0.5","5",2.02890337921919,0.608822055458848,0.395844770355093
"7171","Quadro","Fan2",0.0388082651610221,0.0320546766335187,0.825975510642345,"0.5","5",2.02890337921919,0.608822055458848,0.395844770355093
"2291","Quadro","Fan2",0.000455408566938394,0.000667079543805834,1.46479357709596,"0.5","5",2.02890337921919,0.608822055458848,0.395844770355093
"99111","Quadro","Fan2",0.00634563866537921,0.0112215293125876,1.76838454004803,"0.5","5",2.02890337921919,0.608822055458848,0.395844770355093
"651","Quadro","Fan2",0.030137667719678,0.02512495031007,0.833672683094352,"0.5","5",2.02890337921919,0.608822055458848,0.395844770355093
"7831","Quadro","Fan2",0.0235581688081504,0.0322157843522729,1.36749951214915,"0.5","5",2.02890337921919,0.608822055458848,0.395844770355093
"7102","Quadro","Fan2",0.0132485372911188,0.0229245988291198,1.73034942087436,"0.5","5",2.02890337921919,0.608822055458848,0.395844770355093
"1171","Quadro","Fan2",0.00790176812227427,0.00893395296187328,1.13062707278,"0.5","5",2.02890337921919,0.608822055458848,0.395844770355093
"18411","Quadro","Fan2",0.0113050945569186,0.0193418166766015,1.71089384341014,"0.5","5",2.02890337921919,0.608822055458848,0.395844770355093
"7402","Quadro","Fan2",0.0110539107949323,0.019502326975026,1.76429205344835,"0.5","5",2.02890337921919,0.608822055458848,0.395844770355093
"37011","Quadro","Fan2",0.0198481210777626,0.0309122012624748,1.55743715696636,"0.5","5",2.02890337921919,0.608822055458848,0.395844770355093
"26511","Quadro","Fan2",0.016426216651438,0.0297415616334001,1.81061544873733,"0.5","5",2.02890337921919,0.608822055458848,0.395844770355093
"2892","Quadro","Fan2",0.00187788505713817,0.00235026370415694,1.25154822188034,"0.5","5",2.02890337921919,0.608822055458848,0.395844770355093
"161","Quadro","Fan2",0.0156963391169827,0.0255961992743349,1.63071140879219,"0.5","5",2.02890337921919,0.608822055458848,0.395844770355093
"5331","Quadro","Fan2",0.0158958824109893,0.0270367271014104,1.7008635571385,"0.5","5",2.02890337921919,0.608822055458848,0.395844770355093
"4551","Quadro","Fan2",0.0134394046880369,0.0212588186467868,1.58182740532476,"0.5","5",2.02890337921919,0.608822055458848,0.395844770355093
"2011","Quadro","Fan2",0.049349937956924,0.0369549081304361,0.748833932936102,"0.5","5",2.02890337921919,0.608822055458848,0.395844770355093
"4071","Quadro","Fan2",0.0353772466232926,0.0313172326264956,0.885236574795397,"0.5","5",2.02890337921919,0.608822055458848,0.395844770355093
"3721","Quadro","Fan2",0.0258267203703603,0.0241356567266455,0.934522710608834,"0.5","5",2.02890337921919,0.608822055458848,0.395844770355093
"46511","Quadro","Fan2",0.00443056044810999,0.00786856155959388,1.77597431560842,"0.5","5",2.02890337921919,0.608822055458848,0.395844770355093
"5541","Quadro","Fan2",0.00299794495837156,0.00491944498782565,1.64093906196924,"0.5","5",2.02890337921919,0.608822055458848,0.395844770355093
"57411","Quadro","Fan2",0.0137839225117635,0.0236564118640182,1.7162322150193,"0.5","5",2.02890337921919,0.608822055458848,0.395844770355093
"98911","Quadro","Fan2",0.0359204176169276,0.0314296496533725,0.874980073688263,"0.5","5",2.02890337921919,0.608822055458848,0.395844770355093
"454","Quadro","Fan2",0.00985763136613106,0.0162055693554042,1.64396179502953,"0.5","5",2.02890337921919,0.608822055458848,0.395844770355093
"3972","Quadro","Fan2",0.0536131511867383,0.0395781769873147,0.738217696800942,"0.5","5",2.02890337921919,0.608822055458848,0.395844770355093
"88221","Quadro","Fan2",0.00857415219998602,0.0152420691128537,1.77767652793457,"0.5","5",2.02890337921919,0.608822055458848,0.395844770355093
"4012","Quadro","Fan2",0.00241424726945217,0.00489827444326221,2.02890337921919,"0.5","5",2.02890337921919,0.608822055458848,0.395844770355093
"1441","Quadro","Fan2",0.0127802166125154,0.0140437009427242,1.09886251293828,"0.5","5",2.02890337921919,0.608822055458848,0.395844770355093
"62411","Quadro","Fan2",0.0355309516526971,0.0313654192562093,0.882763275321063,"0.5","5",2.02890337921919,0.608822055458848,0.395844770355093
"5682","Quadro","Fan2",0.0014494521550991,0.00208256121466637,1.43679196815157,"0.5","5",2.02890337921919,0.608822055458848,0.395844770355093
"95311","Quadro","Fan2",0.0145649513332534,0.0247540832060772,1.69956511626379,"0.5","5",2.02890337921919,0.608822055458848,0.395844770355093
"572","Quadro","Fan2",0.0030257648042635,0.00389628587762467,1.2877028221541,"0.5","5",2.02890337921919,0.608822055458848,0.395844770355093
"93411","Quadro","Fan2",0.0141711251033628,0.0243459677825991,1.71799822561879,"0.5","5",2.02890337921919,0.608822055458848,0.395844770355093
"7991","Quadro","Fan2",0.0590231976742155,0.0405280516008756,0.686646152663132,"0.5","5",2.02890337921919,0.608822055458848,0.395844770355093
"71111","Quadro","Fan2",0.0207585472026608,0.0193076101443739,0.930104113543124,"0.5","5",2.02890337921919,0.608822055458848,0.395844770355093
"76711","Quadro","Fan2",0.0266614997367204,0.0308894560674752,1.15857908866738,"0.5","5",2.02890337921919,0.608822055458848,0.395844770355093
"5781","Quadro","Fan2",0.00874174688350978,0.0153005261960426,1.75028245497535,"0.5","5",2.02890337921919,0.608822055458848,0.395844770355093
"17611","Quadro","Fan2",0.0178411969566714,0.0186437792693095,1.04498477958554,"0.5","5",2.02890337921919,0.608822055458848,0.395844770355093
"4341","Quadro","Fan2",0.0423937196758458,0.0355958447387049,0.839649009591059,"0.5","5",2.02890337921919,0.608822055458848,0.395844770355093
"51311","Quadro","Fan2",0.0435079578488902,0.0371831346445,0.854628359566834,"0.5","5",2.02890337921919,0.608822055458848,0.395844770355093
"3091","Quadro","Fan2",0.0426069471076938,0.0368631432689986,0.86519090832354,"0.5","5",2.02890337921919,0.608822055458848,0.395844770355093
"2701","Quadro","Fan2",0.00857815811647072,0.0152147414425631,1.77366064322709,"0.5","5",2.02890337921919,0.608822055458848,0.395844770355093
"6631","Quadro","Fan2",0.0598069181188396,0.0406879790246564,0.680322282178246,"0.5","5",2.02890337921919,0.608822055458848,0.395844770355093
"921","Quadro","Fan2",0.0403514791311407,0.0350154790553758,0.867761970796087,"0.5","5",2.02890337921919,0.608822055458848,0.395844770355093
"6791","Quadro","Fan2",0.0343546561773817,0.0337036583949925,0.981050668094946,"0.5","5",2.02890337921919,0.608822055458848,0.395844770355093
"79011","Quadro","Fan2",0.00597918833985438,0.0103380743987649,1.729009660033,"0.5","5",2.02890337921919,0.608822055458848,0.395844770355093
"9111","Quadro","Fan2",0.0586028392211771,0.0404531582532569,0.69029348732712,"0.5","5",2.02890337921919,0.608822055458848,0.395844770355093
"6771","Quadro","Fan2",0.0315707929919272,0.0343128083253086,1.0868529128832,"0.5","5",2.02890337921919,0.608822055458848,0.395844770355093
"9081","Quadro","Fan2",0.0166031517784884,0.0104839641603062,0.631444216145129,"0.5","5",2.02890337921919,0.608822055458848,0.395844770355093
"2231","Quadro","Fan2",0.0192643606759792,0.0238909351476822,1.24016236767576,"0.5","5",2.02890337921919,0.608822055458848,0.395844770355093
"7802","Quadro","Fan2",0.00339100821304028,0.00521137095304796,1.53682050459429,"0.5","5",2.02890337921919,0.608822055458848,0.395844770355093
"7411","Quadro","Fan2",0.0604517598741285,0.0408009137069463,0.674933431084573,"0.5","5",2.02890337921919,0.608822055458848,0.395844770355093
"2302","Quadro","Fan2",0.00648787548827681,0.00817695993100226,1.26034476860376,"0.5","5",2.02890337921919,0.608822055458848,0.395844770355093
"59411","Quadro","Fan2",0.00526574701499925,0.00755068093077243,1.43392398253556,"0.5","5",2.02890337921919,0.608822055458848,0.395844770355093
"59211","Quadro","Fan2",0.0110560343759445,0.0194937458483652,1.76317702944007,"0.5","5",2.02890337921919,0.608822055458848,0.395844770355093
"4372","Quadro","Fan2",0.017057482028657,0.0264692409546451,1.55176718991561,"0.5","5",2.02890337921919,0.608822055458848,0.395844770355093
"3821","Quadro","Fan2",0.0169711629743866,0.0179041990964292,1.05497773626066,"0.5","5",2.02890337921919,0.608822055458848,0.395844770355093
"7391","Quadro","Fan2",0.0200073035797741,0.02723906510101,1.36145607989608,"0.5","5",2.02890337921919,0.608822055458848,0.395844770355093
"32111","Quadro","Fan2",0.0446097027048751,0.0373851886433233,0.838050611784008,"0.5","5",2.02890337921919,0.608822055458848,0.395844770355093
"421","Quadro","Fan2",0.0202134917882284,0.0272886858808931,1.35002334909721,"0.5","5",2.02890337921919,0.608822055458848,0.395844770355093
"3811","Quadro","Fan2",0.0332644535051921,0.025840470858889,0.77681934124833,"0.5","5",2.02890337921919,0.608822055458848,0.395844770355093
"40511","Quadro","Fan2",0.0150590271674751,0.0264729347456388,1.75794455054943,"0.5","5",2.02890337921919,0.608822055458848,0.395844770355093
"6461","Quadro","Fan2",0.0102958565999059,0.0164337639069205,1.59615314640947,"0.5","5",2.02890337921919,0.608822055458848,0.395844770355093
"33211","Quadro","Fan2",0.0571024556386995,0.0401264131484912,0.702709063904018,"0.5","5",2.02890337921919,0.608822055458848,0.395844770355093
"6841","Quadro","Fan2",0.021168954655095,0.0297750441397889,1.40654295995776,"0.5","5",2.02890337921919,0.608822055458848,0.395844770355093
"811","Quadro","Fan2",0.0219964518858231,0.0317486012620904,1.44335101983209,"0.5","5",2.02890337921919,0.608822055458848,0.395844770355093
"8191","Quadro","Fan2",0.0298359405568036,0.0299216512421084,1.00287273280833,"0.5","5",2.02890337921919,0.608822055458848,0.395844770355093
"7962","Quadro","Fan2",0.010885320448515,0.0159108618262416,1.46168060935792,"0.5","5",2.02890337921919,0.608822055458848,0.395844770355093
"32411","Quadro","Fan2",0.00774298354757345,0.0135068359737645,1.74439683240673,"0.5","5",2.02890337921919,0.608822055458848,0.395844770355093
"323","Quadro","Fan2",0.0112186181872792,0.019275824685287,1.7181995468162,"0.5","5",2.02890337921919,0.608822055458848,0.395844770355093
"9862","Quadro","Fan2",0.0164587376416641,0.026094593138246,1.58545531901483,"0.5","5",2.02890337921919,0.608822055458848,0.395844770355093
"4171","Quadro","Fan2",0.0110263591588177,0.0203777022530907,1.84808983269829,"0.5","5",2.02890337921919,0.608822055458848,0.395844770355093
"1001","Quadro","Fan2",0.0382087745446245,0.0319679468583817,0.836665065534776,"0.5","5",2.02890337921919,0.608822055458848,0.395844770355093
"6711","Quadro","Fan2",0.0141861591138046,0.0243630297419724,1.71738026808571,"0.5","5",2.02890337921919,0.608822055458848,0.395844770355093
"5221","Quadro","Fan2",0.00241521596693048,0.00435455839804816,1.80296853683955,"0.5","5",2.02890337921919,0.608822055458848,0.395844770355093
"5623","Quadro","Fan2",0.00529670204080792,0.00938714231254338,1.7722617281888,"0.5","5",2.02890337921919,0.608822055458848,0.395844770355093
"9492","Quadro","Fan2",0.0137673648349379,0.0236351603470138,1.71675267056438,"0.5","5",2.02890337921919,0.608822055458848,0.395844770355093
"50311","Quadro","Fan2",0.0150256125099307,0.0267707212886015,1.78167254552241,"0.5","5",2.02890337921919,0.608822055458848,0.395844770355093
"5481","Quadro","Fan2",0.00433064790330448,0.00770570231781905,1.77934168047678,"0.5","5",2.02890337921919,0.608822055458848,0.395844770355093
"6041","Quadro","Fan2",0.0216330065857181,0.0194960975182146,0.901219968706788,"0.5","5",2.02890337921919,0.608822055458848,0.395844770355093
"2331","Quadro","Fan2",0.0145914707985276,0.020938305553091,1.43496881446686,"0.5","5",2.02890337921919,0.608822055458848,0.395844770355093
"8631","Quadro","Fan2",0.0266994530930877,0.030904261653433,1.15748669254329,"0.5","5",2.02890337921919,0.608822055458848,0.395844770355093
"4431","Quadro","Fan2",0.0172350073801181,0.0265789877682126,1.54215122639712,"0.5","5",2.02890337921919,0.608822055458848,0.395844770355093
"1971","Quadro","Fan2",0.0351135053674973,0.0311898009761613,0.888256545443966,"0.5","5",2.02890337921919,0.608822055458848,0.395844770355093
"9141","Quadro","Fan2",0.0143224529177351,0.0242741928103662,1.6948348826693,"0.5","5",2.02890337921919,0.608822055458848,0.395844770355093
"2501","Quadro","Fan2",0.00865422187150629,0.0152021716439842,1.75661912413372,"0.5","5",2.02890337921919,0.608822055458848,0.395844770355093
"5771","Quadro","Fan2",0.0107396719273447,0.015853938815185,1.47620326974967,"0.5","5",2.02890337921919,0.608822055458848,0.395844770355093
"4362","Quadro","Fan2",0.0417624745628553,0.0326555030528774,0.781934102198104,"0.5","5",2.02890337921919,0.608822055458848,0.395844770355093
"1382","Quadro","Fan2",0.0155225956414593,0.014740073069452,0.949588162309835,"0.5","5",2.02890337921919,0.608822055458848,0.395844770355093
"4022","Quadro","Fan2",0.0141087241391273,0.0242901918084967,1.72164340084682,"0.5","5",2.02890337921919,0.608822055458848,0.395844770355093
"54711","Quadro","Fan2",0.021223179040828,0.0246061237194512,1.15939858360123,"0.5","5",2.02890337921919,0.608822055458848,0.395844770355093
"4102","Quadro","Fan2",0.0256147916210354,0.030476167826143,1.18978784902999,"0.5","5",2.02890337921919,0.608822055458848,0.395844770355093
"5692","Quadro","Fan2",0.0132721473597369,0.0230006187351344,1.73299904768314,"0.5","5",2.02890337921919,0.608822055458848,0.395844770355093
"47511","Quadro","Fan2",0.00986003145323912,0.0172956181509057,1.75411389232677,"0.5","5",2.02890337921919,0.608822055458848,0.395844770355093
"64411","GTX-750","Fan2",0.0292177620814187,0.0104413851502942,0.357364301933806,"0.5","5",0.578054746046347,0.327004239665063,0.0729307272665374
"3851","GTX-750","Fan2",0.0135352365969585,0.00548107619797591,0.404948680336149,"0.5","5",0.578054746046347,0.327004239665063,0.0729307272665374
"7061","GTX-750","Fan2",0.0241658230309231,0.00863738885808992,0.357421671384308,"0.5","5",0.578054746046347,0.327004239665063,0.0729307272665374
"40111","GTX-750","Fan2",0.0065362878958979,0.00309797153835487,0.473964976404898,"0.5","5",0.578054746046347,0.327004239665063,0.0729307272665374
"3941","GTX-750","Fan2",0.0294326854888769,0.010634277680741,0.361308440059264,"0.5","5",0.578054746046347,0.327004239665063,0.0729307272665374
"37511","GTX-750","Fan2",0.00305222060796228,0.00121359020003863,0.397608939823273,"0.5","5",0.578054746046347,0.327004239665063,0.0729307272665374
"20211","GTX-750","Fan2",0.0166002253112502,0.00776580546684317,0.467813256822496,"0.5","5",0.578054746046347,0.327004239665063,0.0729307272665374
"9231","GTX-750","Fan2",0.0290419975914677,0.010474499139943,0.360667309710828,"0.5","5",0.578054746046347,0.327004239665063,0.0729307272665374
"9751","GTX-750","Fan2",0.0273325355406019,0.0107154029402928,0.392038379475453,"0.5","5",0.578054746046347,0.327004239665063,0.0729307272665374
"23611","GTX-750","Fan2",0.0182450236661335,0.00771593161863981,0.422906089892455,"0.5","5",0.578054746046347,0.327004239665063,0.0729307272665374
"34311","GTX-750","Fan2",0.0317435225024167,0.0177815920690437,0.560164426228689,"0.5","5",0.578054746046347,0.327004239665063,0.0729307272665374
"5891","GTX-750","Fan2",0.0163526883791533,0.0086717164796141,0.530293018404786,"0.5","5",0.578054746046347,0.327004239665063,0.0729307272665374
"7572","GTX-750","Fan2",0.0270384758497704,0.0100039524241481,0.369989509753861,"0.5","5",0.578054746046347,0.327004239665063,0.0729307272665374
"4932","GTX-750","Fan2",0.024234222989309,0.0123429969713525,0.509320929199903,"0.5","5",0.578054746046347,0.327004239665063,0.0729307272665374
"49111","GTX-750","Fan2",0.0113148647249932,0.00420017278830874,0.371208396246315,"0.5","5",0.578054746046347,0.327004239665063,0.0729307272665374
"2991","GTX-750","Fan2",0.0283643706023688,0.0140060934538612,0.49379179429744,"0.5","5",0.578054746046347,0.327004239665063,0.0729307272665374
"44511","GTX-750","Fan2",0.0201712620167663,0.00854839353731238,0.423790714245196,"0.5","5",0.578054746046347,0.327004239665063,0.0729307272665374
"9271","GTX-750","Fan2",0.000698570796086524,0.000228435612026492,0.327004239665063,"0.5","5",0.578054746046347,0.327004239665063,0.0729307272665374
"1951","GTX-750","Fan2",0.00661959657366456,0.00346272565622059,0.523102218947407,"0.5","5",0.578054746046347,0.327004239665063,0.0729307272665374
"88511","GTX-750","Fan2",0.0111632015459074,0.00398586732984066,0.357054140198871,"0.5","5",0.578054746046347,0.327004239665063,0.0729307272665374
"9391","GTX-750","Fan2",0.0296798140808366,0.0154755934626323,0.521418140305148,"0.5","5",0.578054746046347,0.327004239665063,0.0729307272665374
"3961","GTX-750","Fan2",0.0267670982690118,0.0136227332908241,0.50893575216538,"0.5","5",0.578054746046347,0.327004239665063,0.0729307272665374
"6721","GTX-750","Fan2",0.0153497397021474,0.00575462952802294,0.374900789178717,"0.5","5",0.578054746046347,0.327004239665063,0.0729307272665374
"39711","GTX-750","Fan2",0.0266326774149756,0.00952646980714636,0.357698539230967,"0.5","5",0.578054746046347,0.327004239665063,0.0729307272665374
"32121","GTX-750","Fan2",0.0266499276199491,0.00953139726491077,0.357651900629401,"0.5","5",0.578054746046347,0.327004239665063,0.0729307272665374
"9512","GTX-750","Fan2",0.0141620857908512,0.00713000481438034,0.503457253379043,"0.5","5",0.578054746046347,0.327004239665063,0.0729307272665374
"2491","GTX-750","Fan2",0.0152703800388719,0.00546743487449505,0.358041833967281,"0.5","5",0.578054746046347,0.327004239665063,0.0729307272665374
"10111","GTX-750","Fan2",0.0182654161812721,0.00770169577870404,0.421654546618037,"0.5","5",0.578054746046347,0.327004239665063,0.0729307272665374
"7501","GTX-750","Fan2",0.0152173720394865,0.00540198985563655,0.354988354205923,"0.5","5",0.578054746046347,0.327004239665063,0.0729307272665374
"6892","GTX-750","Fan2",0.0067278438695112,0.00347506422670977,0.516519748987909,"0.5","5",0.578054746046347,0.327004239665063,0.0729307272665374
"7321","GTX-750","Fan2",0.0245856770808279,0.00920122102667186,0.374251276319213,"0.5","5",0.578054746046347,0.327004239665063,0.0729307272665374
"71011","GTX-750","Fan2",0.0221129323363441,0.00826131654035371,0.373596609201199,"0.5","5",0.578054746046347,0.327004239665063,0.0729307272665374
"75411","GTX-750","Fan2",0.027045330491953,0.0148855845759581,0.550393887047788,"0.5","5",0.578054746046347,0.327004239665063,0.0729307272665374
"4662","GTX-750","Fan2",0.0134653160408922,0.00580502819678764,0.431109687968601,"0.5","5",0.578054746046347,0.327004239665063,0.0729307272665374
"8781","GTX-750","Fan2",0.00434387108021902,0.00172456070601018,0.397010103237969,"0.5","5",0.578054746046347,0.327004239665063,0.0729307272665374
"74011","GTX-750","Fan2",0.0140386286493317,0.00637411449585147,0.454041107224165,"0.5","5",0.578054746046347,0.327004239665063,0.0729307272665374
"7442","GTX-750","Fan2",0.0172455362523641,0.00642409927591489,0.372507945355091,"0.5","5",0.578054746046347,0.327004239665063,0.0729307272665374
"4111","GTX-750","Fan2",0.00851217418302929,0.00431754012707797,0.507219428813598,"0.5","5",0.578054746046347,0.327004239665063,0.0729307272665374
"69811","GTX-750","Fan2",0.0229084214238718,0.0102722100978987,0.448403227260109,"0.5","5",0.578054746046347,0.327004239665063,0.0729307272665374
"8411","GTX-750","Fan2",0.0187720088811595,0.00913898638104439,0.486841149442279,"0.5","5",0.578054746046347,0.327004239665063,0.0729307272665374
"15","GTX-750","Fan2",0.026310915208889,0.0143337751084081,0.544784360202169,"0.5","5",0.578054746046347,0.327004239665063,0.0729307272665374
"6381","GTX-750","Fan2",0.0326508761071755,0.0188739938963241,0.578054746046347,"0.5","5",0.578054746046347,0.327004239665063,0.0729307272665374
"47711","GTX-750","Fan2",0.0206680501981859,0.00891033510108547,0.431116385708582,"0.5","5",0.578054746046347,0.327004239665063,0.0729307272665374
"9331","GTX-750","Fan2",0.0245928263973735,0.00918002482753083,0.373280593259148,"0.5","5",0.578054746046347,0.327004239665063,0.0729307272665374
"9741","GTX-750","Fan2",0.0245212917502805,0.00898163543998716,0.366279049711336,"0.5","5",0.578054746046347,0.327004239665063,0.0729307272665374
"7651","GTX-750","Fan2",0.0219553243503753,0.0123119434563095,0.560772560670419,"0.5","5",0.578054746046347,0.327004239665063,0.0729307272665374
"7851","GTX-750","Fan2",0.0151377063670995,0.00547017730361559,0.361361039179922,"0.5","5",0.578054746046347,0.327004239665063,0.0729307272665374
"2641","GTX-750","Fan2",0.026877169475285,0.00984826779710851,0.366417594909483,"0.5","5",0.578054746046347,0.327004239665063,0.0729307272665374
"17621","GTX-750","Fan2",0.014398524506664,0.00747955345508804,0.519466661436477,"0.5","5",0.578054746046347,0.327004239665063,0.0729307272665374
"46411","GTX-750","Fan2",0.0181060857392912,0.00846077394531683,0.467288958372514,"0.5","5",0.578054746046347,0.327004239665063,0.0729307272665374
"2621","GTX-750","Fan2",0.0166087318506332,0.00780763708765874,0.470092307942287,"0.5","5",0.578054746046347,0.327004239665063,0.0729307272665374
"9901","GTX-750","Fan2",0.0305945198533063,0.0143863367706634,0.470225937182298,"0.5","5",0.578054746046347,0.327004239665063,0.0729307272665374
"9691","GTX-750","Fan2",0.0160948576160211,0.00729835599303348,0.453458872837033,"0.5","5",0.578054746046347,0.327004239665063,0.0729307272665374
"1141","GTX-750","Fan2",0.0285888058473316,0.0160371589789165,0.560959386151252,"0.5","5",0.578054746046347,0.327004239665063,0.0729307272665374
"63311","GTX-750","Fan2",0.0211022657000507,0.0110545618298759,0.523856631653034,"0.5","5",0.578054746046347,0.327004239665063,0.0729307272665374
"79611","GTX-750","Fan2",0.0221541284278039,0.0123059725560801,0.555470850328547,"0.5","5",0.578054746046347,0.327004239665063,0.0729307272665374
"21811","GTX-750","Fan2",0.00615207559344874,0.00281626701522964,0.457775099224828,"0.5","5",0.578054746046347,0.327004239665063,0.0729307272665374
"9971","GTX-750","Fan2",0.0249420257226387,0.0141059374168704,0.565548988431484,"0.5","5",0.578054746046347,0.327004239665063,0.0729307272665374
"892","GTX-750","Fan2",0.02180475445864,0.0078049804298671,0.357948558635312,"0.5","5",0.578054746046347,0.327004239665063,0.0729307272665374
"8712","GTX-750","Fan2",0.0272437820777481,0.0102629669927689,0.376708599543212,"0.5","5",0.578054746046347,0.327004239665063,0.0729307272665374
"51111","GTX-750","Fan2",0.0270795921750245,0.013731481267602,0.507078584450267,"0.5","5",0.578054746046347,0.327004239665063,0.0729307272665374
"836","GTX-750","Fan2",0.0151022397954992,0.00816286937903638,0.540507202214408,"0.5","5",0.578054746046347,0.327004239665063,0.0729307272665374
"18421","GTX-750","Fan2",0.0175372253120354,0.00641156787518216,0.365597622263656,"0.5","5",0.578054746046347,0.327004239665063,0.0729307272665374
"95321","GTX-750","Fan2",0.0043207419370507,0.00151767993091341,0.35125447273284,"0.5","5",0.578054746046347,0.327004239665063,0.0729307272665374
"50321","GTX-750","Fan2",0.028842448788339,0.0136985864561662,0.474945333410961,"0.5","5",0.578054746046347,0.327004239665063,0.0729307272665374
"94911","GTX-750","Fan2",0.00758006007585622,0.0028756250418185,0.379367051585495,"0.5","5",0.578054746046347,0.327004239665063,0.0729307272665374
"7311","GTX-750","Fan2",0.020544352861257,0.00948185931782668,0.461531175104949,"0.5","5",0.578054746046347,0.327004239665063,0.0729307272665374
"7291","GTX-750","Fan2",0.0150089640065184,0.00807952088234464,0.53831302938935,"0.5","5",0.578054746046347,0.327004239665063,0.0729307272665374
"9451","GTX-750","Fan2",0.0209029458509637,0.0115361228645375,0.551889812411568,"0.5","5",0.578054746046347,0.327004239665063,0.0729307272665374
"5552","GTX-750","Fan2",0.0245928263973735,0.00910619271143116,0.370278412261052,"0.5","5",0.578054746046347,0.327004239665063,0.0729307272665374
"9931","GTX-750","Fan2",0.0178720943653638,0.0101582918153743,0.568388438853653,"0.5","5",0.578054746046347,0.327004239665063,0.0729307272665374
"3462","GTX-750","Fan2",0.0308310056237724,0.0165140354770157,0.535630776320916,"0.5","5",0.578054746046347,0.327004239665063,0.0729307272665374
"1482","GTX-750","Fan2",0.0199365228560921,0.00822195805756827,0.412406823241791,"0.5","5",0.578054746046347,0.327004239665063,0.0729307272665374
"60811","GTX-750","Fan2",0.0240648665447015,0.0122439955466739,0.508791333786545,"0.5","5",0.578054746046347,0.327004239665063,0.0729307272665374
"38911","GTX-750","Fan2",0.00717807697904204,0.00379146598428103,0.528200797421237,"0.5","5",0.578054746046347,0.327004239665063,0.0729307272665374
"6591","GTX-750","Fan2",0.00975377757617742,0.00452432127241416,0.463853233998727,"0.5","5",0.578054746046347,0.327004239665063,0.0729307272665374
"4271","GTX-750","Fan2",0.00444347571886018,0.00190150859869208,0.427932708312367,"0.5","5",0.578054746046347,0.327004239665063,0.0729307272665374
"6321","GTX-750","Fan2",0.0266706213434578,0.00950903539564117,0.356535952919361,"0.5","5",0.578054746046347,0.327004239665063,0.0729307272665374
"12511","GTX-750","Fan2",0.0137162872434189,0.00608578805562642,0.443690624702132,"0.5","5",0.578054746046347,0.327004239665063,0.0729307272665374
"1581","GTX-750","Fan2",0.027271104451803,0.0103159599420045,0.37827437316432,"0.5","5",0.578054746046347,0.327004239665063,0.0729307272665374
"6221","GTX-750","Fan2",0.0250910207913078,0.0110051903865501,0.438610707714316,"0.5","5",0.578054746046347,0.327004239665063,0.0729307272665374
"481","GTX-750","Fan2",0.00886907329360217,0.00495482837389701,0.558663595380505,"0.5","5",0.578054746046347,0.327004239665063,0.0729307272665374
"56211","GTX-750","Fan2",0.00955370186326969,0.00384788425376763,0.402763693993976,"0.5","5",0.578054746046347,0.327004239665063,0.0729307272665374
"5491","GTX-750","Fan2",0.0278624077423723,0.0114653941165026,0.411500478440935,"0.5","5",0.578054746046347,0.327004239665063,0.0729307272665374
"5453","GTX-750","Fan2",0.0220941956064442,0.00800454121072535,0.362291587949492,"0.5","5",0.578054746046347,0.327004239665063,0.0729307272665374
"2271","GTX-750","Fan2",0.00747743830948002,0.0026939800545517,0.360281147506924,"0.5","5",0.578054746046347,0.327004239665063,0.0729307272665374
"7191","GTX-750","Fan2",0.0158829322261102,0.00648027048882483,0.408002149513162,"0.5","5",0.578054746046347,0.327004239665063,0.0729307272665374
"5202","GTX-750","Fan2",0.0317913945122811,0.017745858479675,0.558196919383944,"0.5","5",0.578054746046347,0.327004239665063,0.0729307272665374
"8721","GTX-750","Fan2",0.0179461321614866,0.00730158905202911,0.406861433222849,"0.5","5",0.578054746046347,0.327004239665063,0.0729307272665374
"23011","GTX-750","Fan2",0.00589891086114466,0.00216942315708821,0.367766729851422,"0.5","5",0.578054746046347,0.327004239665063,0.0729307272665374
"11311","GTX-750","Fan2",0.0136653293097895,0.00602285860267508,0.440740099717939,"0.5","5",0.578054746046347,0.327004239665063,0.0729307272665374
"3651","GTX-750","Fan2",0.0258162295356791,0.0122146292139887,0.473137612799251,"0.5","5",0.578054746046347,0.327004239665063,0.0729307272665374
"93611","GTX-750","Fan2",0.0220041611511234,0.00788493428152601,0.3583383264362,"0.5","5",0.578054746046347,0.327004239665063,0.0729307272665374
"43711","GTX-750","Fan2",0.0190890716130263,0.0101509634462384,0.531768314982457,"0.5","5",0.578054746046347,0.327004239665063,0.0729307272665374
"285","GTX-750","Fan2",0.0295909530892588,0.0111636161450456,0.3772645007875,"0.5","5",0.578054746046347,0.327004239665063,0.0729307272665374
"8731","GTX-750","Fan2",0.0187760371000599,0.0100871572385786,0.53723568955594,"0.5","5",0.578054746046347,0.327004239665063,0.0729307272665374
"2921","GTX-750","Fan2",0.0064976789815091,0.00307165549740713,0.472731186958967,"0.5","5",0.578054746046347,0.327004239665063,0.0729307272665374
"29811","GTX-750","Fan2",0.0153629486461528,0.00584760374534368,0.380630299562189,"0.5","5",0.578054746046347,0.327004239665063,0.0729307272665374
"9121","GTX-750","Fan2",0.0196097668424563,0.00706258314430647,0.360156405787322,"0.5","5",0.578054746046347,0.327004239665063,0.0729307272665374
"2421","GTX-750","Fan2",0.0320111963914195,0.0151723474294538,0.473970021111759,"0.5","5",0.578054746046347,0.327004239665063,0.0729307272665374
"9881","GTX-980","Fan2",0.00965667269863198,0.0123207324741403,1.27587760905325,"0.5","5",1.64264458671516,0.908588232911559,0.192134731143141
"7421","GTX-980","Fan2",0.0113400543308115,0.0166034419358712,1.46414130404638,"0.5","5",1.64264458671516,0.908588232911559,0.192134731143141
"53611","GTX-980","Fan2",0.0116304715044332,0.0117757851235086,1.01249421564896,"0.5","5",1.64264458671516,0.908588232911559,0.192134731143141
"71","GTX-980","Fan2",0.00853502955801096,0.00864524020987466,1.01291274401742,"0.5","5",1.64264458671516,0.908588232911559,0.192134731143141
"4972","GTX-980","Fan2",0.0135538550706428,0.0193431807336202,1.42713498357504,"0.5","5",1.64264458671516,0.908588232911559,0.192134731143141
"9541","GTX-980","Fan2",0.00327377542216047,0.00342371101296301,1.04579898480134,"0.5","5",1.64264458671516,0.908588232911559,0.192134731143141
"9761","GTX-980","Fan2",0.00585175213205259,0.00828189815916271,1.41528519531768,"0.5","5",1.64264458671516,0.908588232911559,0.192134731143141
"28611","GTX-980","Fan2",0.00756801896270498,0.0078543434053816,1.03783347320978,"0.5","5",1.64264458671516,0.908588232911559,0.192134731143141
"51321","GTX-980","Fan2",0.0066578903888406,0.00854378305910459,1.28325679158446,"0.5","5",1.64264458671516,0.908588232911559,0.192134731143141
"6741","GTX-980","Fan2",0.0136189308120195,0.019664220600791,1.44388872167823,"0.5","5",1.64264458671516,0.908588232911559,0.192134731143141
"34611","GTX-980","Fan2",0.00953739843925275,0.0100426453034573,1.05297533362192,"0.5","5",1.64264458671516,0.908588232911559,0.192134731143141
"46611","GTX-980","Fan2",0.0116304715044332,0.0116648781655853,1.00295832040335,"0.5","5",1.64264458671516,0.908588232911559,0.192134731143141
"13211","GTX-980","Fan2",0.0135352365969585,0.0222335831259028,1.64264458671516,"0.5","5",1.64264458671516,0.908588232911559,0.192134731143141
"11321","GTX-980","Fan2",0.00777753527298346,0.0107795876717522,1.38599020041694,"0.5","5",1.64264458671516,0.908588232911559,0.192134731143141
"56811","GTX-980","Fan2",0.00202484037106895,0.00183974613467752,0.908588232911559,"0.5","5",1.64264458671516,0.908588232911559,0.192134731143141
"2261","GTX-980","Fan2",0.0127187143769122,0.0129393017290655,1.01734352589549,"0.5","5",1.64264458671516,0.908588232911559,0.192134731143141
"13811","GTX-980","Fan2",0.0127282849231509,0.0144137181398527,1.13241636456741,"0.5","5",1.64264458671516,0.908588232911559,0.192134731143141
"5531","GTX-980","Fan2",0.0127235000483969,0.0126396839132559,0.993412493824646,"0.5","5",1.64264458671516,0.908588232911559,0.192134731143141
"9632","GTX-980","Fan2",0.0127235000483969,0.0140784574661565,1.10649250698359,"0.5","5",1.64264458671516,0.908588232911559,0.192134731143141
"1431","GTX-980","Fan2",0.0050001602208455,0.00532091133454735,1.06414816716565,"0.5","5",1.64264458671516,0.908588232911559,0.192134731143141
"37411","GTX-980","Fan2",0.0143667967797629,0.0206443632176764,1.43694962308899,"0.5","5",1.64264458671516,0.908588232911559,0.192134731143141
"9731","GTX-980","Fan2",0.0096620787295009,0.012294914211916,1.27249161967355,"0.5","5",1.64264458671516,0.908588232911559,0.192134731143141
"87111","GTX-980","Fan2",0.00954283428384929,0.0114110688617607,1.19577355346863,"0.5","5",1.64264458671516,0.908588232911559,0.192134731143141
"32911","GTX-980","Fan2",0.0089083344095952,0.0124079425708365,1.39284651881409,"0.5","5",1.64264458671516,0.908588232911559,0.192134731143141
"4671","GTX-980","Fan2",0.0127235000483969,0.0126074519359837,0.990879230402656,"0.5","5",1.64264458671516,0.908588232911559,0.192134731143141
"82021","GTX-980","Fan2",0.00681010340644282,0.0101252294144293,1.4867952526022,"0.5","5",1.64264458671516,0.908588232911559,0.192134731143141
"8541","GTX-980","Fan2",0.00202484037106895,0.00237089416206074,1.17090423321079,"0.5","5",1.64264458671516,0.908588232911559,0.192134731143141
"4961","GTX-980","Fan2",0.0048691561576092,0.00478955632445541,0.983652232424422,"0.5","5",1.64264458671516,0.908588232911559,0.192134731143141
"91611","GTX-980","Fan2",0.0116304715044332,0.0121959948351291,1.04862428238446,"0.5","5",1.64264458671516,0.908588232911559,0.192134731143141
"6931","GTX-980","Fan2",0.00494212609566096,0.00748652726706231,1.51483938737121,"0.5","5",1.64264458671516,0.908588232911559,0.192134731143141
"8311","GTX-980","Fan2",0.0105731084370161,0.0109815663960211,1.03863177621209,"0.5","5",1.64264458671516,0.908588232911559,0.192134731143141
"1111","GTX-980","Fan2",0.00866025400104041,0.0112663414602407,1.30092506049906,"0.5","5",1.64264458671516,0.908588232911559,0.192134731143141
"2442","GTX-980","Fan2",0.00487647485536935,0.00674977252209081,1.38414996945157,"0.5","5",1.64264458671516,0.908588232911559,0.192134731143141
"88521","GTX-980","Fan2",0.00031808809974265,0.000315981217542184,0.993376419293364,"0.5","5",1.64264458671516,0.908588232911559,0.192134731143141
"4992","GTX-980","Fan2",0.0127808661221932,0.0180931366562176,1.41564245202444,"0.5","5",1.64264458671516,0.908588232911559,0.192134731143141
"16711","GTX-980","Fan2",0.00878468190438377,0.0137197417728294,1.56178014436503,"0.5","5",1.64264458671516,0.908588232911559,0.192134731143141
"9032","GTX-980","Fan2",0.00953739843925275,0.0093459440405942,0.979925930548252,"0.5","5",1.64264458671516,0.908588232911559,0.192134731143141
"4311","GTX-980","Fan2",0.0108519638982855,0.0150567616475575,1.38746882948406,"0.5","5",1.64264458671516,0.908588232911559,0.192134731143141
"241","GTX-980","Fan2",0.00575012578766862,0.00766009443188501,1.33216119346683,"0.5","5",1.64264458671516,0.908588232911559,0.192134731143141
"13511","GTX-980","Fan2",0.00435156868080217,0.00441654069673472,1.01493071135914,"0.5","5",1.64264458671516,0.908588232911559,0.192134731143141
"9061","GTX-980","Fan2",0.0131887169004846,0.0194505487422737,1.47478703872694,"0.5","5",1.64264458671516,0.908588232911559,0.192134731143141
"70811","GTX-980","Fan2",0.0127187143769122,0.0135713732572562,1.06703970661467,"0.5","5",1.64264458671516,0.908588232911559,0.192134731143141
"4721","GTX-980","Fan2",0.00971067293450842,0.012593326435568,1.29685414394049,"0.5","5",1.64264458671516,0.908588232911559,0.192134731143141
"5261","GTX-980","Fan2",0.00031808809974265,0.000305105227061128,0.959184663959372,"0.5","5",1.64264458671516,0.908588232911559,0.192134731143141
"7051","GTX-980","Fan2",0.00572970520197288,0.00595281194057491,1.03893860691563,"0.5","5",1.64264458671516,0.908588232911559,0.192134731143141
"1751","GTX-980","Fan2",0.0127330690017388,0.0161461783788441,1.26805080351321,"0.5","5",1.64264458671516,0.908588232911559,0.192134731143141
"63911","GTX-980","Fan2",0.00494212609566096,0.00763194024033148,1.54426254866951,"0.5","5",1.64264458671516,0.908588232911559,0.192134731143141
"66111","GTX-980","Fan2",0.00972145702385045,0.0126314315940368,1.29933522959028,"0.5","5",1.64264458671516,0.908588232911559,0.192134731143141
"842","GTX-980","Fan2",0.00908684966641031,0.0136561188415989,1.50284414763447,"0.5","5",1.64264458671516,0.908588232911559,0.192134731143141
"1061","GTX-980","Fan2",0.00962420832136469,0.0121518036652796,1.26262891029737,"0.5","5",1.64264458671516,0.908588232911559,0.192134731143141
"112","GTX-980","Fan2",0.00573651563869785,0.00705278590741138,1.22945466405323,"0.5","5",1.64264458671516,0.908588232911559,0.192134731143141
"1031","GTX-980","Fan2",0.00854073916796044,0.0100420212404777,1.17577893938608,"0.5","5",1.64264458671516,0.908588232911559,0.192134731143141
"9831","GTX-980","Fan2",0.0117249103861796,0.0147217811162942,1.25559860428844,"0.5","5",1.64264458671516,0.908588232911559,0.192134731143141
"3981","GTX-980","Fan2",0.00684792117232085,0.0107679666669622,1.57244313945758,"0.5","5",1.64264458671516,0.908588232911559,0.192134731143141
"8121","GTX-980","Fan2",0.00468456786369404,0.00505202221444306,1.07843932705017,"0.5","5",1.64264458671516,0.908588232911559,0.192134731143141
"5511","GTX-980","Fan2",0.0105731084370161,0.0110270695235684,1.04293544223598,"0.5","5",1.64264458671516,0.908588232911559,0.192134731143141
"21511","GTX-980","Fan2",0.00281397201041254,0.00289523020756038,1.02887668990564,"0.5","5",1.64264458671516,0.908588232911559,0.192134731143141
"6911","GTX-980","Fan2",0.00953739843925275,0.00966932447809588,1.01383249737163,"0.5","5",1.64264458671516,0.908588232911559,0.192134731143141
"9461","GTX-980","Fan2",0.00854073916796044,0.00837044217272711,0.980060625680716,"0.5","5",1.64264458671516,0.908588232911559,0.192134731143141
"38921","GTX-980","Fan2",0.0130707379045281,0.0201623269489905,1.54255460527639,"0.5","5",1.64264458671516,0.908588232911559,0.192134731143141
"8532","GTX-980","Fan2",0.0106042520844991,0.0131170201956005,1.2369585418263,"0.5","5",1.64264458671516,0.908588232911559,0.192134731143141
"45911","GTX-980","Fan2",0.00968908883150422,0.0125045707728131,1.2905827359281,"0.5","5",1.64264458671516,0.908588232911559,0.192134731143141
"4401","GTX-980","Fan2",0.00854073916796044,0.00848396042256095,0.993352010372535,"0.5","5",1.64264458671516,0.908588232911559,0.192134731143141
"5761","GTX-980","Fan2",0.00770598566304798,0.0103832046586997,1.34742070809834,"0.5","5",1.64264458671516,0.908588232911559,0.192134731143141
"18111","GTX-980","Fan2",0.00575692551586257,0.0077377623453462,1.34407894005675,"0.5","5",1.64264458671516,0.908588232911559,0.192134731143141
"45211","GTX-980","Fan2",0.0116304715044332,0.01342913651111,1.15465108237368,"0.5","5",1.64264458671516,0.908588232911559,0.192134731143141
"62321","GTX-980","Fan2",0.00202484037106895,0.00241215916106991,1.19128361698778,"0.5","5",1.64264458671516,0.908588232911559,0.192134731143141
"37611","GTX-980","Fan2",0.0127760899743676,0.0179389979310632,1.4041070442564,"0.5","5",1.64264458671516,0.908588232911559,0.192134731143141
"4571","GTX-980","Fan2",0.0127235000483969,0.0154655058061642,1.2155071912082,"0.5","5",1.64264458671516,0.908588232911559,0.192134731143141
"6531","GTX-980","Fan2",0.00854073916796044,0.0100220357042446,1.17343891519847,"0.5","5",1.64264458671516,0.908588232911559,0.192134731143141
"93711","GTX-980","Fan2",0.00509383575820393,0.0071784222109008,1.40923707627195,"0.5","5",1.64264458671516,0.908588232911559,0.192134731143141
"54511","GTX-980","Fan2",0.0116304715044332,0.0114137710053322,0.981367866382861,"0.5","5",1.64264458671516,0.908588232911559,0.192134731143141
"5901","GTX-980","Fan2",0.00739245594625243,0.00973483980161507,1.31686138847403,"0.5","5",1.64264458671516,0.908588232911559,0.192134731143141
"47521","GTX-980","Fan2",0.0127187143769122,0.0135421959796773,1.06474566362304,"0.5","5",1.64264458671516,0.908588232911559,0.192134731143141
"2741","GTX-980","Fan2",0.00954283428384929,0.0107994027043372,1.13167664690716,"0.5","5",1.64264458671516,0.908588232911559,0.192134731143141
"4881","GTX-980","Fan2",0.0127187143769122,0.0125016847927637,0.982936201119314,"0.5","5",1.64264458671516,0.908588232911559,0.192134731143141
"1461","GTX-980","Fan2",0.010116837436431,0.0148562038867512,1.46846324062237,"0.5","5",1.64264458671516,0.908588232911559,0.192134731143141
"193","GTX-980","Fan2",0.0109493259237099,0.0142856527969864,1.30470614323864,"0.5","5",1.64264458671516,0.908588232911559,0.192134731143141
"68911","GTX-980","Fan2",0.00789023059523614,0.0115633666038204,1.46552961466069,"0.5","5",1.64264458671516,0.908588232911559,0.192134731143141
"3511","GTX-980","Fan2",0.0105679138817756,0.0104515921227706,0.988992930837027,"0.5","5",1.64264458671516,0.908588232911559,0.192134731143141
"5871","GTX-980","Fan2",0.00854073916796044,0.0104166204785226,1.21963922251592,"0.5","5",1.64264458671516,0.908588232911559,0.192134731143141
"5501","GTX-980","Fan2",0.0107335845183925,0.0136204724706737,1.26895842179604,"0.5","5",1.64264458671516,0.908588232911559,0.192134731143141
"1291","GTX-980","Fan2",0.00953739843925275,0.00970653227945031,1.01773375006558,"0.5","5",1.64264458671516,0.908588232911559,0.192134731143141
"3611","GTX-980","Fan2",0.00572970520197288,0.00611192854563142,1.06670907667762,"0.5","5",1.64264458671516,0.908588232911559,0.192134731143141
"9681","GTX-980","Fan2",0.0127187143769122,0.0129624572800189,1.0191641148534,"0.5","5",1.64264458671516,0.908588232911559,0.192134731143141
"49311","GTX-980","Fan2",0.0149466373721853,0.0226981548683211,1.51861280253984,"0.5","5",1.64264458671516,0.908588232911559,0.192134731143141
"3691","GTX-980","Fan2",0.00586524317215361,0.0083119245251748,1.41714917544038,"0.5","5",1.64264458671516,0.908588232911559,0.192134731143141
"3221","GTX-980","Fan2",0.0048691561576092,0.00515264418832934,1.05822118279717,"0.5","5",1.64264458671516,0.908588232911559,0.192134731143141
"122","GTX-980","Fan2",0.0105679138817756,0.0103686493118291,0.981144379848691,"0.5","5",1.64264458671516,0.908588232911559,0.192134731143141
"2832","GTX-980","Fan2",0.00668336550195264,0.00898648221771722,1.34460433371356,"0.5","5",1.64264458671516,0.908588232911559,0.192134731143141
"61311","GTX-980","Fan2",0.00663237205039029,0.00716247452347725,1.07992652840634,"0.5","5",1.64264458671516,0.908588232911559,0.192134731143141
"4711","GTX-980","Fan2",0.0105679138817756,0.0104470059334455,0.988558957833807,"0.5","5",1.64264458671516,0.908588232911559,0.192134731143141
"2821","GTX-980","Fan2",0.00563397890073188,0.006751572477561,1.19836665996103,"0.5","5",1.64264458671516,0.908588232911559,0.192134731143141
"8381","GTX-980","Fan2",0.0103749115541828,0.0149336954531279,1.43940460360909,"0.5","5",1.64264458671516,0.908588232911559,0.192134731143141
"40211","GTX-980","Fan2",0.0105679138817756,0.0104986673905707,0.993447477716076,"0.5","5",1.64264458671516,0.908588232911559,0.192134731143141
"1561","GTX-980","Fan2",0.00953739843925275,0.0095569677073324,1.00205184550109,"0.5","5",1.64264458671516,0.908588232911559,0.192134731143141
"4141","GTX-980","Fan2",0.0127282849231509,0.0149251560531363,1.17259757644093,"0.5","5",1.64264458671516,0.908588232911559,0.192134731143141
"4601","GTX-980","Fan2",0.0111429109637462,0.0168635568070408,1.51338881392007,"0.5","5",1.64264458671516,0.908588232911559,0.192134731143141
"1052","GTX-980","Fan2",0.00663237205039029,0.00710133992192704,1.07070892102761,"0.5","5",1.64264458671516,0.908588232911559,0.192134731143141
"331","GTX-980","Fan2",0.00953739843925275,0.00998598674467559,1.04703466131567,"0.5","5",1.64264458671516,0.908588232911559,0.192134731143141
"5021","GTX-970","Fan2",0.00663704515182611,0.00604406255097231,0.910655632545962,"0.5","5",0.982209221049562,0.593824129998268,0.091688321500512
"3661","GTX-970","Fan2",0.00907464333972677,0.00774863983206006,0.853878168207255,"0.5","5",0.982209221049562,0.593824129998268,0.091688321500512
"7271","GTX-970","Fan2",0.0121668151506225,0.00879236180529832,0.722651055058435,"0.5","5",0.982209221049562,0.593824129998268,0.091688321500512
"1451","GTX-970","Fan2",0.00453018070016785,0.0041552603169129,0.917239419778318,"0.5","5",0.982209221049562,0.593824129998268,0.091688321500512
"1701","GTX-970","Fan2",0.0135163086091436,0.0111606231188186,0.825715322249202,"0.5","5",0.982209221049562,0.593824129998268,0.091688321500512
"3671","GTX-970","Fan2",0.00724111282857676,0.0050680604337705,0.699900768535135,"0.5","5",0.982209221049562,0.593824129998268,0.091688321500512
"15111","GTX-970","Fan2",0.00707319662520166,0.00688423827055346,0.97328529593325,"0.5","5",0.982209221049562,0.593824129998268,0.091688321500512
"14811","GTX-970","Fan2",0.00291551604382083,0.00238274574174393,0.817263807137656,"0.5","5",0.982209221049562,0.593824129998268,0.091688321500512
"5181","GTX-970","Fan2",0.0157969416212311,0.013063062191642,0.826936156685245,"0.5","5",0.982209221049562,0.593824129998268,0.091688321500512
"131","GTX-970","Fan2",0.0102826459007009,0.00935485152824725,0.909770852617772,"0.5","5",0.982209221049562,0.593824129998268,0.091688321500512
"6971","GTX-970","Fan2",0.0101286718669271,0.00777223909499852,0.76735027031303,"0.5","5",0.982209221049562,0.593824129998268,0.091688321500512
"94","GTX-970","Fan2",0.0112275870945434,0.0105262072064003,0.937530666007125,"0.5","5",0.982209221049562,0.593824129998268,0.091688321500512
"33511","GTX-970","Fan2",0.0112888581316902,0.00914631354424346,0.810207147396759,"0.5","5",0.982209221049562,0.593824129998268,0.091688321500512
"28311","GTX-970","Fan2",0.00548433425699433,0.00380912549649602,0.694546560804191,"0.5","5",0.982209221049562,0.593824129998268,0.091688321500512
"98611","GTX-970","Fan2",0.00320980277792514,0.00284121719416003,0.885168775383961,"0.5","5",0.982209221049562,0.593824129998268,0.091688321500512
"46521","GTX-970","Fan2",0.0121663465713406,0.00863093309863962,0.709410425556257,"0.5","5",0.982209221049562,0.593824129998268,0.091688321500512
"23211","GTX-970","Fan2",0.00206354369563968,0.00178760180887121,0.866277662376838,"0.5","5",0.982209221049562,0.593824129998268,0.091688321500512
"78011","GTX-970","Fan2",0.0101425529731629,0.00891377510858918,0.878849253454725,"0.5","5",0.982209221049562,0.593824129998268,0.091688321500512
"16721","GTX-970","Fan2",0.0102034236939963,0.00811782970919215,0.795598610098751,"0.5","5",0.982209221049562,0.593824129998268,0.091688321500512
"8861","GTX-970","Fan2",0.0112421491219748,0.00966930792794658,0.860094259828503,"0.5","5",0.982209221049562,0.593824129998268,0.091688321500512
"3571","GTX-970","Fan2",0.00929787540624409,0.00753977142079884,0.810913363684721,"0.5","5",0.982209221049562,0.593824129998268,0.091688321500512
"49911","GTX-970","Fan2",0.0106752897642581,0.0090093042985898,0.843940023881489,"0.5","5",0.982209221049562,0.593824129998268,0.091688321500512
"5951","GTX-970","Fan2",0.00634432334960908,0.00451014031020967,0.710893827706239,"0.5","5",0.982209221049562,0.593824129998268,0.091688321500512
"96311","GTX-970","Fan2",0.00134727665270686,0.000837541024113632,0.621654819320812,"0.5","5",0.982209221049562,0.593824129998268,0.091688321500512
"9351","GTX-970","Fan2",0.0095737002083795,0.00908411448891635,0.948861390182802,"0.5","5",0.982209221049562,0.593824129998268,0.091688321500512
"583","GTX-970","Fan2",0.00300226304814596,0.00263072178166379,0.876246264726331,"0.5","5",0.982209221049562,0.593824129998268,0.091688321500512
"18011","GTX-970","Fan2",0.00912473362659573,0.00644588176752983,0.706418623415167,"0.5","5",0.982209221049562,0.593824129998268,0.091688321500512
"311","GTX-970","Fan2",0.00389946246199592,0.00332683813439102,0.853153009373552,"0.5","5",0.982209221049562,0.593824129998268,0.091688321500512
"75711","GTX-970","Fan2",0.00797039014569128,0.00759130038213023,0.952437740608472,"0.5","5",0.982209221049562,0.593824129998268,0.091688321500512
"8431","GTX-970","Fan2",0.0104252388513315,0.00864659345629166,0.829390441753511,"0.5","5",0.982209221049562,0.593824129998268,0.091688321500512
"8641","GTX-970","Fan2",0.0101112172458454,0.00768591519472427,0.760137479775975,"0.5","5",0.982209221049562,0.593824129998268,0.091688321500512
"55211","GTX-970","Fan2",0.0132836003516252,0.0116669037620839,0.878293794848813,"0.5","5",0.982209221049562,0.593824129998268,0.091688321500512
"49711","GTX-970","Fan2",0.000370151429444534,0.000309572910175676,0.83634125266039,"0.5","5",0.982209221049562,0.593824129998268,0.091688321500512
"9961","GTX-970","Fan2",0.00816690820511466,0.0057085577336668,0.698986396111533,"0.5","5",0.982209221049562,0.593824129998268,0.091688321500512
"40521","GTX-970","Fan2",0.0111278549308058,0.00780030281284507,0.700970929379311,"0.5","5",0.982209221049562,0.593824129998268,0.091688321500512
"43311","GTX-970","Fan2",0.0101173194053807,0.00746938685724724,0.738277260800406,"0.5","5",0.982209221049562,0.593824129998268,0.091688321500512
"43611","GTX-970","Fan2",0.00924590356116292,0.00853799041753443,0.923434941869602,"0.5","5",0.982209221049562,0.593824129998268,0.091688321500512
"66711","GTX-970","Fan2",0.010408675549062,0.00861259956821455,0.82744433022419,"0.5","5",0.982209221049562,0.593824129998268,0.091688321500512
"69411","GTX-970","Fan2",0.00631429216423053,0.0061199844283425,0.969227313080513,"0.5","5",0.982209221049562,0.593824129998268,0.091688321500512
"56911","GTX-970","Fan2",0.00671670476226876,0.00617989573182859,0.920078513282926,"0.5","5",0.982209221049562,0.593824129998268,0.091688321500512
"89511","GTX-970","Fan2",0.0107450255211309,0.0100375595571796,0.934158745127214,"0.5","5",0.982209221049562,0.593824129998268,0.091688321500512
"6861","GTX-970","Fan2",0.000777961745763124,0.000547425295048767,0.703666083878947,"0.5","5",0.982209221049562,0.593824129998268,0.091688321500512
"2061","GTX-970","Fan2",0.00387280679294977,0.00291658908945832,0.753094395198803,"0.5","5",0.982209221049562,0.593824129998268,0.091688321500512
"5611","GTX-970","Fan2",0.0114438614991513,0.0105850527098935,0.924954632724151,"0.5","5",0.982209221049562,0.593824129998268,0.091688321500512
"10511","GTX-970","Fan2",0.00908513333011259,0.00809743708366306,0.891284342170761,"0.5","5",0.982209221049562,0.593824129998268,0.091688321500512
"92211","GTX-970","Fan2",0.0121661903764712,0.0084861616099822,0.697520040981279,"0.5","5",0.982209221049562,0.593824129998268,0.091688321500512
"55511","GTX-970","Fan2",0.014960399177972,0.0126869796047376,0.848037505805202,"0.5","5",0.982209221049562,0.593824129998268,0.091688321500512
"2051","GTX-970","Fan2",0.00816616284539763,0.00593068470688588,0.72625109481234,"0.5","5",0.982209221049562,0.593824129998268,0.091688321500512
"18311","GTX-970","Fan2",0.00468622107192854,0.0036405678561088,0.7768664346453,"0.5","5",0.982209221049562,0.593824129998268,0.091688321500512
"3011","GTX-970","Fan2",0.00573409834365245,0.00515839755294003,0.899600467900989,"0.5","5",0.982209221049562,0.593824129998268,0.091688321500512
"28911","GTX-970","Fan2",0.00386165126740505,0.00278219202012175,0.720466926572404,"0.5","5",0.982209221049562,0.593824129998268,0.091688321500512
"8011","GTX-970","Fan2",0.00657810315318005,0.00580840945581451,0.882991543391433,"0.5","5",0.982209221049562,0.593824129998268,0.091688321500512
"22111","GTX-970","Fan2",0.00891413294306012,0.00781625895402148,0.876838948212752,"0.5","5",0.982209221049562,0.593824129998268,0.091688321500512
"22","GTX-970","Fan2",0.0136071251595499,0.0129493253253668,0.951657692093661,"0.5","5",0.982209221049562,0.593824129998268,0.091688321500512
"6571","GTX-970","Fan2",0.00658076875852815,0.0057957870632208,0.880715806296935,"0.5","5",0.982209221049562,0.593824129998268,0.091688321500512
"2801","GTX-970","Fan2",0.00731249430448014,0.00596704862132778,0.81600728463774,"0.5","5",0.982209221049562,0.593824129998268,0.091688321500512
"1331","GTX-970","Fan2",0.00483905435074886,0.00473197760145879,0.977872381352051,"0.5","5",0.982209221049562,0.593824129998268,0.091688321500512
"12811","GTX-970","Fan2",0.0038727986909045,0.00298222615832749,0.77004419706385,"0.5","5",0.982209221049562,0.593824129998268,0.091688321500512
"5311","GTX-970","Fan2",0.00684175689575289,0.00553452197045264,0.808932859612165,"0.5","5",0.982209221049562,0.593824129998268,0.091688321500512
"92811","GTX-970","Fan2",0.000316322072231519,0.000187839679342131,0.593824129998268,"0.5","5",0.982209221049562,0.593824129998268,0.091688321500512
"7811","GTX-970","Fan2",0.00181161729626305,0.00167452446756577,0.924325723219758,"0.5","5",0.982209221049562,0.593824129998268,0.091688321500512
"6401","GTX-970","Fan2",0.0101176583664661,0.00758468264180339,0.749648027941127,"0.5","5",0.982209221049562,0.593824129998268,0.091688321500512
"8751","GTX-970","Fan2",0.0121928868137039,0.0092679126519748,0.760108151053969,"0.5","5",0.982209221049562,0.593824129998268,0.091688321500512
"11811","GTX-970","Fan2",0.00134686286249528,0.000824221330253182,0.611956386358577,"0.5","5",0.982209221049562,0.593824129998268,0.091688321500512
"34411","GTX-970","Fan2",0.0132502246777754,0.0118905035880944,0.897381280487899,"0.5","5",0.982209221049562,0.593824129998268,0.091688321500512
"6171","GTX-970","Fan2",0.0104325913553264,0.00963182699434233,0.923243963679724,"0.5","5",0.982209221049562,0.593824129998268,0.091688321500512
"62111","GTX-970","Fan2",0.0115172647688672,0.00953489751117555,0.827878641546017,"0.5","5",0.982209221049562,0.593824129998268,0.091688321500512
"14111","GTX-970","Fan2",0.00661149765925006,0.00555871194516074,0.840764412490357,"0.5","5",0.982209221049562,0.593824129998268,0.091688321500512
"7971","GTX-970","Fan2",0.0101696294728958,0.00797482961669028,0.78418094168965,"0.5","5",0.982209221049562,0.593824129998268,0.091688321500512
"56021","GTX-970","Fan2",0.0115052596085396,0.0101802921230844,0.884838106176085,"0.5","5",0.982209221049562,0.593824129998268,0.091688321500512
"6251","GTX-970","Fan2",0.0111311095436805,0.00836135759302754,0.751170183009703,"0.5","5",0.982209221049562,0.593824129998268,0.091688321500512
"9981","GTX-970","Fan2",0.00473163562825748,0.00436370289345935,0.922239841842253,"0.5","5",0.982209221049562,0.593824129998268,0.091688321500512
"673","GTX-970","Fan2",0.00377581994604948,0.00348102433075759,0.921925404414391,"0.5","5",0.982209221049562,0.593824129998268,0.091688321500512
"3731","GTX-970","Fan2",0.0130466359863511,0.0114864316681419,0.880413286624891,"0.5","5",0.982209221049562,0.593824129998268,0.091688321500512
"38931","GTX-970","Fan2",0.00333993348236303,0.00298207586969948,0.892854868351942,"0.5","5",0.982209221049562,0.593824129998268,0.091688321500512
"90311","GTX-970","Fan2",0.00313020430592192,0.00230678841994871,0.736945002466638,"0.5","5",0.982209221049562,0.593824129998268,0.091688321500512
"24411","GTX-970","Fan2",0.00243400667059818,0.00182446105138046,0.749571097490906,"0.5","5",0.982209221049562,0.593824129998268,0.091688321500512
"74411","GTX-970","Fan2",0.012210826012779,0.00951862156342921,0.779523150478741,"0.5","5",0.982209221049562,0.593824129998268,0.091688321500512
"49121","GTX-970","Fan2",0.00181088004024753,0.00159951750043873,0.883281865661345,"0.5","5",0.982209221049562,0.593824129998268,0.091688321500512
"41011","GTX-970","Fan2",0.0121408653003237,0.0111014034245396,0.914383213216579,"0.5","5",0.982209221049562,0.593824129998268,0.091688321500512
"95111","GTX-970","Fan2",0.00726585691354592,0.00578471748498927,0.796150757415093,"0.5","5",0.982209221049562,0.593824129998268,0.091688321500512
"3131","GTX-970","Fan2",0.00927656498643884,0.00879982055078935,0.948607654196739,"0.5","5",0.982209221049562,0.593824129998268,0.091688321500512
"4321","GTX-970","Fan2",0.0121668151506225,0.00878829785702213,0.72231703598887,"0.5","5",0.982209221049562,0.593824129998268,0.091688321500512
"4581","GTX-970","Fan2",0.0150293110683014,0.0127289659062858,0.846942740651148,"0.5","5",0.982209221049562,0.593824129998268,0.091688321500512
"77411","GTX-970","Fan2",0.0115185449922925,0.0102967512483304,0.893928118110436,"0.5","5",0.982209221049562,0.593824129998268,0.091688321500512
"8401","GTX-970","Fan2",0.00923531831617546,0.00736114042920466,0.797064072638599,"0.5","5",0.982209221049562,0.593824129998268,0.091688321500512
"1941","GTX-970","Fan2",0.00465926087377626,0.00342099026283368,0.734234539664447,"0.5","5",0.982209221049562,0.593824129998268,0.091688321500512
"54521","GTX-970","Fan2",0.00134686286249528,0.0010429943174976,0.774387910262284,"0.5","5",0.982209221049562,0.593824129998268,0.091688321500512
"9091","GTX-970","Fan2",0.0115161445216899,0.0102741536194803,0.892152195565935,"0.5","5",0.982209221049562,0.593824129998268,0.091688321500512
"4421","GTX-970","Fan2",0.00937058294903148,0.0089134442034375,0.951215548906568,"0.5","5",0.982209221049562,0.593824129998268,0.091688321500512
"52011","GTX-970","Fan2",0.00912473362659573,0.00643445471650048,0.705166307293187,"0.5","5",0.982209221049562,0.593824129998268,0.091688321500512
"56221","GTX-970","Fan2",0.00670673928178611,0.00621862859778946,0.927220864940695,"0.5","5",0.982209221049562,0.593824129998268,0.091688321500512
"86911","GTX-970","Fan2",0.00816616284539763,0.0059006082286841,0.722568033529925,"0.5","5",0.982209221049562,0.593824129998268,0.091688321500512
"87011","GTX-970","Fan2",0.0049340209411569,0.00484624086525595,0.982209221049562,"0.5","5",0.982209221049562,0.593824129998268,0.091688321500512
"5911","GTX-970","Fan2",0.00338822362724271,0.00251035207230342,0.740905072533927,"0.5","5",0.982209221049562,0.593824129998268,0.091688321500512
"32131","GTX-970","Fan2",0.00692014823473584,0.00669278881965468,0.967145296983679,"0.5","5",0.982209221049562,0.593824129998268,0.091688321500512
"4351","GTX-970","Fan2",0.0164192243142148,0.0145495654523583,0.886129891030364,"0.5","5",0.982209221049562,0.593824129998268,0.091688321500512
"4891","GTX-970","Fan2",0.00977853534268691,0.00833208139485184,0.852078670563191,"0.5","5",0.982209221049562,0.593824129998268,0.091688321500512
"92411","GTX-970","Fan2",0.00745744541343984,0.00632570515047716,0.848240221655118,"0.5","5",0.982209221049562,0.593824129998268,0.091688321500512
"85311","GTX-970","Fan2",0.0061261553879406,0.00591689584187192,0.965841619610138,"0.5","5",0.982209221049562,0.593824129998268,0.091688321500512
